0.000000000000e+00	0.000000000000e+00	0.000000000000e+00	1.570796326795e+00	0.000000000000e+00	0.000000000000e+00
5.000000000000e-02	1.549863325923e-04	7.873645459950e-02	1.566859493896e+00	0.000000000000e+00	0.000000000000e+00
1.000000000000e-01	6.199429282905e-04	1.574716888916e-01	1.562922660996e+00	0.000000000000e+00	0.000000000000e+00
1.500000000000e-01	1.394862580903e-03	2.362044825877e-01	1.558985828097e+00	0.000000000000e+00	0.000000000000e+00
2.000000000000e-01	2.479733280236e-03	3.149336154372e-01	1.555048995198e+00	0.000000000000e+00	0.000000000000e+00
2.500000000000e-01	3.874538212276e-03	3.936578672460e-01	1.551112162299e+00	0.000000000000e+00	0.000000000000e+00
3.000000000000e-01	5.579255759451e-03	4.723760178960e-01	1.547175329399e+00	0.000000000000e+00	0.000000000000e+00
3.500000000000e-01	7.593859500972e-03	5.510868473632e-01	1.543238496500e+00	0.000000000000e+00	0.000000000000e+00
4.000000000000e-01	9.918318213231e-03	6.297891357376e-01	1.539301663601e+00	0.000000000000e+00	0.000000000000e+00
4.500000000000e-01	1.255259587030e-02	7.084816632411e-01	1.535364830702e+00	0.000000000000e+00	0.000000000000e+00
5.000000000000e-01	1.549665164447e-02	7.871632102471e-01	1.531427997803e+00	0.000000000000e+00	0.000000000000e+00
5.500000000000e-01	1.875043990690e-02	8.658325572992e-01	1.527491164903e+00	0.000000000000e+00	0.000000000000e+00
6.000000000000e-01	2.231391022832e-02	9.444884851301e-01	1.523554332004e+00	0.000000000000e+00	0.000000000000e+00
6.500000000000e-01	2.618700737982e-02	1.023129774680e+00	1.519617499105e+00	0.000000000000e+00	0.000000000000e+00
7.000000000000e-01	3.036967133368e-02	1.101755207117e+00	1.515680666206e+00	0.000000000000e+00	0.000000000000e+00
7.500000000000e-01	3.486183726432e-02	1.180363563854e+00	1.511743833306e+00	0.000000000000e+00	0.000000000000e+00
8.000000000000e-01	3.966343554931e-02	1.258953626570e+00	1.507807000407e+00	0.000000000000e+00	0.000000000000e+00
8.500000000000e-01	4.477439177044e-02	1.337524177224e+00	1.503870167508e+00	0.000000000000e+00	0.000000000000e+00
9.000000000000e-01	5.019462671488e-02	1.416073998082e+00	1.499933334609e+00	0.000000000000e+00	0.000000000000e+00
9.500000000000e-01	5.592405637640e-02	1.494601871728e+00	1.495996501709e+00	0.000000000000e+00	0.000000000000e+00
1.000000000000e+00	6.196259195665e-02	1.573106581089e+00	1.492059668810e+00	0.000000000000e+00	0.000000000000e+00
1.050000000000e+00	6.831013986660e-02	1.651586909447e+00	1.488122835911e+00	0.000000000000e+00	0.000000000000e+00
1.100000000000e+00	7.496660172793e-02	1.730041640465e+00	1.484186003012e+00	0.000000000000e+00	0.000000000000e+00
1.150000000000e+00	8.193187437457e-02	1.808469558202e+00	1.480249170112e+00	0.000000000000e+00	0.000000000000e+00
1.200000000000e+00	8.920584985433e-02	1.886869447133e+00	1.476312337213e+00	0.000000000000e+00	0.000000000000e+00
1.250000000000e+00	9.678841543052e-02	1.965240092167e+00	1.472375504314e+00	0.000000000000e+00	0.000000000000e+00
1.300000000000e+00	1.046794535837e-01	2.043580278665e+00	1.468438671415e+00	0.000000000000e+00	0.000000000000e+00
1.350000000000e+00	1.128788420137e-01	2.121888792461e+00	1.464501838516e+00	0.000000000000e+00	0.000000000000e+00
1.400000000000e+00	1.213864536410e-01	2.200164419882e+00	1.460565005616e+00	0.000000000000e+00	0.000000000000e+00
1.450000000000e+00	1.302021566094e-01	2.278405947761e+00	1.456628172717e+00	0.000000000000e+00	0.000000000000e+00
1.500000000000e+00	1.393258142875e-01	2.356612163461e+00	1.452691339818e+00	0.000000000000e+00	0.000000000000e+00
1.550000000000e+00	1.487572852711e-01	2.434781854894e+00	1.448754506919e+00	0.000000000000e+00	0.000000000000e+00
1.600000000000e+00	1.584964233853e-01	2.512913810537e+00	1.444817674019e+00	0.000000000000e+00	0.000000000000e+00
1.650000000000e+00	1.685430776867e-01	2.591006819449e+00	1.440880841120e+00	0.000000000000e+00	0.000000000000e+00
1.700000000000e+00	1.788970924659e-01	2.669059671297e+00	1.436944008221e+00	0.000000000000e+00	0.000000000000e+00
1.750000000000e+00	1.895583072499e-01	2.747071156368e+00	1.433007175322e+00	0.000000000000e+00	0.000000000000e+00
1.800000000000e+00	2.005265568044e-01	2.825040065591e+00	1.429070342422e+00	0.000000000000e+00	0.000000000000e+00
1.850000000000e+00	2.118016711366e-01	2.902965190554e+00	1.425133509523e+00	0.000000000000e+00	0.000000000000e+00
1.900000000000e+00	2.233834754974e-01	2.980845323523e+00	1.421196676624e+00	0.000000000000e+00	0.000000000000e+00
1.950000000000e+00	2.352717903849e-01	3.058679257465e+00	1.417259843725e+00	0.000000000000e+00	0.000000000000e+00
2.000000000000e+00	2.474664315464e-01	3.136465786058e+00	1.413323010825e+00	0.000000000000e+00	0.000000000000e+00
2.050000000000e+00	2.599672099816e-01	3.214203703719e+00	1.409386177926e+00	0.000000000000e+00	0.000000000000e+00
2.100000000000e+00	2.727739319456e-01	3.291891805615e+00	1.405449345027e+00	0.000000000000e+00	0.000000000000e+00
2.150000000000e+00	2.858863989515e-01	3.369528887687e+00	1.401512512128e+00	0.000000000000e+00	0.000000000000e+00
2.200000000000e+00	2.993044077743e-01	3.447113746667e+00	1.397575679229e+00	0.000000000000e+00	0.000000000000e+00
2.250000000000e+00	3.130277504529e-01	3.524645180094e+00	1.393638846329e+00	0.000000000000e+00	0.000000000000e+00
2.300000000000e+00	3.270562142944e-01	3.602121986339e+00	1.389702013430e+00	0.000000000000e+00	0.000000000000e+00
2.350000000000e+00	3.413895818768e-01	3.679542964617e+00	1.385765180531e+00	0.000000000000e+00	0.000000000000e+00
2.400000000000e+00	3.560276310525e-01	3.756906915007e+00	1.381828347632e+00	0.000000000000e+00	0.000000000000e+00
2.450000000000e+00	3.709701349516e-01	3.834212638475e+00	1.377891514732e+00	0.000000000000e+00	0.000000000000e+00
2.500000000000e+00	3.862168619859e-01	3.911458936887e+00	1.373954681833e+00	0.000000000000e+00	0.000000000000e+00
2.550000000000e+00	4.017675758518e-01	3.988644613032e+00	1.370017848934e+00	0.000000000000e+00	0.000000000000e+00
2.600000000000e+00	4.176220355347e-01	4.065768470637e+00	1.366081016035e+00	0.000000000000e+00	0.000000000000e+00
2.650000000000e+00	4.337799953119e-01	4.142829314387e+00	1.362144183135e+00	0.000000000000e+00	0.000000000000e+00
2.700000000000e+00	4.502412047572e-01	4.219825949945e+00	1.358207350236e+00	0.000000000000e+00	0.000000000000e+00
2.750000000000e+00	4.670054087444e-01	4.296757183968e+00	1.354270517337e+00	0.000000000000e+00	0.000000000000e+00
2.800000000000e+00	4.840723474513e-01	4.373621824128e+00	1.350333684438e+00	0.000000000000e+00	0.000000000000e+00
2.850000000000e+00	5.014417563635e-01	4.450418679126e+00	1.346396851538e+00	0.000000000000e+00	0.000000000000e+00
2.900000000000e+00	5.191133662791e-01	4.527146558718e+00	1.342460018639e+00	0.000000000000e+00	0.000000000000e+00
2.950000000000e+00	5.370869033121e-01	4.603804273726e+00	1.338523185740e+00	0.000000000000e+00	0.000000000000e+00
3.000000000000e+00	5.553620888974e-01	4.680390636059e+00	1.334586352841e+00	0.000000000000e+00	0.000000000000e+00
3.050000000000e+00	5.739386397945e-01	4.756904458735e+00	1.330649519942e+00	0.000000000000e+00	0.000000000000e+00
3.100000000000e+00	5.928162680923e-01	4.833344555893e+00	1.326712687042e+00	0.000000000000e+00	0.000000000000e+00
3.150000000000e+00	6.119946812134e-01	4.909709742816e+00	1.322775854143e+00	0.000000000000e+00	0.000000000000e+00
3.200000000000e+00	6.314735819185e-01	4.985998835949e+00	1.318839021244e+00	0.000000000000e+00	0.000000000000e+00
3.250000000000e+00	6.512526683114e-01	5.062210652914e+00	1.314902188345e+00	0.000000000000e+00	0.000000000000e+00
3.300000000000e+00	6.713316338431e-01	5.138344012532e+00	1.310965355445e+00	0.000000000000e+00	0.000000000000e+00
3.350000000000e+00	6.917101673173e-01	5.214397734842e+00	1.307028522546e+00	0.000000000000e+00	0.000000000000e+00
3.400000000000e+00	7.123879528945e-01	5.290370641113e+00	1.303091689647e+00	0.000000000000e+00	0.000000000000e+00
3.450000000000e+00	7.333646700972e-01	5.366261553870e+00	1.299154856748e+00	0.000000000000e+00	0.000000000000e+00
3.500000000000e+00	7.546399938150e-01	5.442069296907e+00	1.295218023848e+00	0.000000000000e+00	0.000000000000e+00
3.550000000000e+00	7.762135943095e-01	5.517792695308e+00	1.291281190949e+00	0.000000000000e+00	0.000000000000e+00
3.600000000000e+00	7.980851372193e-01	5.593430575463e+00	1.287344358050e+00	0.000000000000e+00	0.000000000000e+00
3.650000000000e+00	8.202542835655e-01	5.668981765089e+00	1.283407525151e+00	0.000000000000e+00	0.000000000000e+00
3.700000000000e+00	8.427206897566e-01	5.744445093246e+00	1.279470692251e+00	0.000000000000e+00	0.000000000000e+00
3.750000000000e+00	8.654840075939e-01	5.819819390355e+00	1.275533859352e+00	0.000000000000e+00	0.000000000000e+00
3.800000000000e+00	8.885438842772e-01	5.895103488218e+00	1.271597026453e+00	0.000000000000e+00	0.000000000000e+00
3.850000000000e+00	9.118999624099e-01	5.970296220034e+00	1.267660193554e+00	0.000000000000e+00	0.000000000000e+00
3.900000000000e+00	9.355518800046e-01	6.045396420418e+00	1.263723360655e+00	0.000000000000e+00	0.000000000000e+00
3.950000000000e+00	9.594992704891e-01	6.120402925420e+00	1.259786527755e+00	0.000000000000e+00	0.000000000000e+00
4.000000000000e+00	9.837417627114e-01	6.195314572542e+00	1.255849694856e+00	0.000000000000e+00	0.000000000000e+00
4.050000000000e+00	1.008278980946e+00	6.270130200756e+00	1.251912861957e+00	0.000000000000e+00	0.000000000000e+00
4.100000000000e+00	1.033110544900e+00	6.344848650521e+00	1.247976029058e+00	0.000000000000e+00	0.000000000000e+00
4.150000000000e+00	1.058236069717e+00	6.419468763803e+00	1.244039196158e+00	0.000000000000e+00	0.000000000000e+00
4.200000000000e+00	1.083655165987e+00	6.493989384094e+00	1.240102363259e+00	0.000000000000e+00	0.000000000000e+00
4.250000000000e+00	1.109367439748e+00	6.568409356424e+00	1.236165530360e+00	0.000000000000e+00	0.000000000000e+00
4.300000000000e+00	1.135372492496e+00	6.642727527387e+00	1.232228697461e+00	0.000000000000e+00	0.000000000000e+00
4.350000000000e+00	1.161669921186e+00	6.716942745152e+00	1.228291864561e+00	0.000000000000e+00	0.000000000000e+00
4.400000000000e+00	1.188259318246e+00	6.791053859485e+00	1.224355031662e+00	0.000000000000e+00	0.000000000000e+00
4.450000000000e+00	1.215140271575e+00	6.865059721765e+00	1.220418198763e+00	0.000000000000e+00	0.000000000000e+00
4.500000000000e+00	1.242312364556e+00	6.938959185002e+00	1.216481365864e+00	0.000000000000e+00	0.000000000000e+00
4.550000000000e+00	1.269775176059e+00	7.012751103855e+00	1.212544532964e+00	0.000000000000e+00	0.000000000000e+00
4.600000000000e+00	1.297528280447e+00	7.086434334651e+00	1.208607700065e+00	0.000000000000e+00	0.000000000000e+00
4.650000000000e+00	1.325571247585e+00	7.160007735400e+00	1.204670867166e+00	0.000000000000e+00	0.000000000000e+00
4.700000000000e+00	1.353903642846e+00	7.233470165814e+00	1.200734034267e+00	0.000000000000e+00	0.000000000000e+00
4.750000000000e+00	1.382525027116e+00	7.306820487328e+00	1.196797201368e+00	0.000000000000e+00	0.000000000000e+00
4.800000000000e+00	1.411434956803e+00	7.380057563110e+00	1.192860368468e+00	0.000000000000e+00	0.000000000000e+00
4.850000000000e+00	1.440632983842e+00	7.453180258087e+00	1.188923535569e+00	0.000000000000e+00	0.000000000000e+00
4.900000000000e+00	1.470118655704e+00	7.526187438957e+00	1.184986702670e+00	0.000000000000e+00	0.000000000000e+00
4.950000000000e+00	1.499891515401e+00	7.599077974207e+00	1.181049869771e+00	0.000000000000e+00	0.000000000000e+00
5.000000000000e+00	1.529951101495e+00	7.671850734135e+00	1.177113036871e+00	0.000000000000e+00	0.000000000000e+00
5.050000000000e+00	1.560296948104e+00	7.744504590862e+00	1.173176203972e+00	0.000000000000e+00	0.000000000000e+00
5.100000000000e+00	1.590928584907e+00	7.817038418352e+00	1.169239371073e+00	0.000000000000e+00	0.000000000000e+00
5.150000000000e+00	1.621845537157e+00	7.889451092431e+00	1.165302538174e+00	0.000000000000e+00	0.000000000000e+00
5.200000000000e+00	1.653047325682e+00	7.961741490801e+00	1.161365705274e+00	0.000000000000e+00	0.000000000000e+00
5.250000000000e+00	1.684533466899e+00	8.033908493059e+00	1.157428872375e+00	0.000000000000e+00	0.000000000000e+00
5.300000000000e+00	1.716303472814e+00	8.105950980716e+00	1.153492039476e+00	0.000000000000e+00	0.000000000000e+00
5.350000000000e+00	1.748356851037e+00	8.177867837212e+00	1.149555206577e+00	0.000000000000e+00	0.000000000000e+00
5.400000000000e+00	1.780693104783e+00	8.249657947933e+00	1.145618373677e+00	0.000000000000e+00	0.000000000000e+00
5.450000000000e+00	1.813311732885e+00	8.321320200231e+00	1.141681540778e+00	0.000000000000e+00	0.000000000000e+00
5.500000000000e+00	1.846212229798e+00	8.392853483439e+00	1.137744707879e+00	0.000000000000e+00	0.000000000000e+00
5.550000000000e+00	1.879394085611e+00	8.464256688888e+00	1.133807874980e+00	0.000000000000e+00	0.000000000000e+00
5.600000000000e+00	1.912856786048e+00	8.535528709928e+00	1.129871042081e+00	0.000000000000e+00	0.000000000000e+00
5.650000000000e+00	1.946599812486e+00	8.606668441938e+00	1.125934209181e+00	0.000000000000e+00	0.000000000000e+00
5.700000000000e+00	1.980622641952e+00	8.677674782351e+00	1.121997376282e+00	0.000000000000e+00	0.000000000000e+00
5.750000000000e+00	2.014924747139e+00	8.748546630665e+00	1.118060543383e+00	0.000000000000e+00	0.000000000000e+00
5.800000000000e+00	2.049505596411e+00	8.819282888463e+00	1.114123710484e+00	0.000000000000e+00	0.000000000000e+00
5.850000000000e+00	2.084364653813e+00	8.889882459430e+00	1.110186877584e+00	0.000000000000e+00	0.000000000000e+00
5.900000000000e+00	2.119501379077e+00	8.960344249368e+00	1.106250044685e+00	0.000000000000e+00	0.000000000000e+00
5.950000000000e+00	2.154915227632e+00	9.030667166218e+00	1.102313211786e+00	0.000000000000e+00	0.000000000000e+00
6.000000000000e+00	2.190605650611e+00	9.100850120069e+00	1.098376378887e+00	0.000000000000e+00	0.000000000000e+00
6.050000000000e+00	2.226572094862e+00	9.170892023181e+00	1.094439545987e+00	0.000000000000e+00	0.000000000000e+00
6.100000000000e+00	2.262814002953e+00	9.240791790002e+00	1.090502713088e+00	0.000000000000e+00	0.000000000000e+00
6.150000000000e+00	2.299330813185e+00	9.310548337179e+00	1.086565880189e+00	0.000000000000e+00	0.000000000000e+00
6.200000000000e+00	2.336121959598e+00	9.380160583583e+00	1.082629047290e+00	0.000000000000e+00	0.000000000000e+00
6.250000000000e+00	2.373186871978e+00	9.449627450317e+00	1.078692214390e+00	0.000000000000e+00	0.000000000000e+00
6.300000000000e+00	2.410524975870e+00	9.518947860741e+00	1.074755381491e+00	0.000000000000e+00	0.000000000000e+00
6.350000000000e+00	2.448135692585e+00	9.588120740484e+00	1.070818548592e+00	0.000000000000e+00	0.000000000000e+00
6.400000000000e+00	2.486018439208e+00	9.657145017459e+00	1.066881715693e+00	0.000000000000e+00	0.000000000000e+00
6.450000000000e+00	2.524172628608e+00	9.726019621886e+00	1.062944882794e+00	0.000000000000e+00	0.000000000000e+00
6.500000000000e+00	2.562597669447e+00	9.794743486301e+00	1.059008049894e+00	0.000000000000e+00	0.000000000000e+00
6.550000000000e+00	2.601292966190e+00	9.863315545579e+00	1.055071216995e+00	0.000000000000e+00	0.000000000000e+00
6.600000000000e+00	2.640257919113e+00	9.931734736947e+00	1.051134384096e+00	0.000000000000e+00	0.000000000000e+00
6.650000000000e+00	2.679491924311e+00	1.000000000000e+01	1.047197551197e+00	0.000000000000e+00	0.000000000000e+00
6.700000000000e+00	2.718994373712e+00	1.006811027672e+01	1.043260718297e+00	0.000000000000e+00	0.000000000000e+00
6.750000000000e+00	2.758764655082e+00	1.013606451149e+01	1.039323885398e+00	0.000000000000e+00	0.000000000000e+00
6.800000000000e+00	2.798802152035e+00	1.020386165112e+01	1.035387052499e+00	0.000000000000e+00	0.000000000000e+00
6.850000000000e+00	2.839106244045e+00	1.027150064483e+01	1.031450219600e+00	0.000000000000e+00	0.000000000000e+00
6.900000000000e+00	2.879676306454e+00	1.033898044433e+01	1.027513386700e+00	0.000000000000e+00	0.000000000000e+00
6.950000000000e+00	2.920511710481e+00	1.040630000376e+01	1.023576553801e+00	0.000000000000e+00	0.000000000000e+00
7.000000000000e+00	2.961611823233e+00	1.047345827976e+01	1.019639720902e+00	0.000000000000e+00	0.000000000000e+00
7.050000000000e+00	3.002976007715e+00	1.054045423147e+01	1.015702888003e+00	0.000000000000e+00	0.000000000000e+00
7.100000000000e+00	3.044603622839e+00	1.060728682055e+01	1.011766055103e+00	0.000000000000e+00	0.000000000000e+00
7.150000000000e+00	3.086494023432e+00	1.067395501118e+01	1.007829222204e+00	0.000000000000e+00	0.000000000000e+00
7.200000000000e+00	3.128646560252e+00	1.074045777009e+01	1.003892389305e+00	0.000000000000e+00	0.000000000000e+00
7.250000000000e+00	3.171060579992e+00	1.080679406659e+01	9.999555564058e-01	0.000000000000e+00	0.000000000000e+00
7.300000000000e+00	3.213735425291e+00	1.087296287255e+01	9.960187235065e-01	0.000000000000e+00	0.000000000000e+00
7.350000000000e+00	3.256670434749e+00	1.093896316245e+01	9.920818906073e-01	0.000000000000e+00	0.000000000000e+00
7.400000000000e+00	3.299864942932e+00	1.100479391337e+01	9.881450577081e-01	0.000000000000e+00	0.000000000000e+00
7.450000000000e+00	3.343318280383e+00	1.107045410502e+01	9.842082248088e-01	0.000000000000e+00	0.000000000000e+00
7.500000000000e+00	3.387029773636e+00	1.113594271977e+01	9.802713919096e-01	0.000000000000e+00	0.000000000000e+00
7.550000000000e+00	3.430998745221e+00	1.120125874262e+01	9.763345590104e-01	0.000000000000e+00	0.000000000000e+00
7.600000000000e+00	3.475224513680e+00	1.126640116127e+01	9.723977261111e-01	0.000000000000e+00	0.000000000000e+00
7.650000000000e+00	3.519706393574e+00	1.133136896610e+01	9.684608932119e-01	0.000000000000e+00	0.000000000000e+00
7.700000000000e+00	3.564443695495e+00	1.139616115021e+01	9.645240603127e-01	0.000000000000e+00	0.000000000000e+00
7.750000000000e+00	3.609435726075e+00	1.146077670938e+01	9.605872274134e-01	0.000000000000e+00	0.000000000000e+00
7.800000000000e+00	3.654681788000e+00	1.152521464219e+01	9.566503945142e-01	0.000000000000e+00	0.000000000000e+00
7.850000000000e+00	3.700181180018e+00	1.158947394991e+01	9.527135616149e-01	0.000000000000e+00	0.000000000000e+00
7.900000000000e+00	3.745933196949e+00	1.165355363664e+01	9.487767287157e-01	0.000000000000e+00	0.000000000000e+00
7.950000000000e+00	3.791937129701e+00	1.171745270920e+01	9.448398958165e-01	0.000000000000e+00	0.000000000000e+00
8.000000000000e+00	3.838192265275e+00	1.178117017727e+01	9.409030629172e-01	0.000000000000e+00	0.000000000000e+00
8.050000000000e+00	3.884697886780e+00	1.184470505330e+01	9.369662300180e-01	0.000000000000e+00	0.000000000000e+00
8.100000000000e+00	3.931453273443e+00	1.190805635259e+01	9.330293971188e-01	0.000000000000e+00	0.000000000000e+00
8.150000000000e+00	3.978457700618e+00	1.197122309328e+01	9.290925642195e-01	0.000000000000e+00	0.000000000000e+00
8.200000000000e+00	4.025710439801e+00	1.203420429638e+01	9.251557313203e-01	0.000000000000e+00	0.000000000000e+00
8.250000000000e+00	4.073210758640e+00	1.209699898575e+01	9.212188984211e-01	0.000000000000e+00	0.000000000000e+00
8.300000000000e+00	4.120957920944e+00	1.215960618818e+01	9.172820655218e-01	0.000000000000e+00	0.000000000000e+00
8.350000000000e+00	4.168951186698e+00	1.222202493333e+01	9.133452326226e-01	0.000000000000e+00	0.000000000000e+00
8.400000000000e+00	4.217189812072e+00	1.228425425379e+01	9.094083997234e-01	0.000000000000e+00	0.000000000000e+00
8.450000000000e+00	4.265673049433e+00	1.234629318511e+01	9.054715668241e-01	0.000000000000e+00	0.000000000000e+00
8.500000000000e+00	4.314400147356e+00	1.240814076575e+01	9.015347339249e-01	0.000000000000e+00	0.000000000000e+00
8.550000000000e+00	4.363370350639e+00	1.246979603717e+01	8.975979010257e-01	0.000000000000e+00	0.000000000000e+00
8.600000000000e+00	4.412582900311e+00	1.253125804380e+01	8.936610681264e-01	0.000000000000e+00	0.000000000000e+00
8.650000000000e+00	4.462037033643e+00	1.259252583305e+01	8.897242352272e-01	0.000000000000e+00	0.000000000000e+00
8.700000000000e+00	4.511731984166e+00	1.265359845537e+01	8.857874023279e-01	0.000000000000e+00	0.000000000000e+00
8.750000000000e+00	4.561666981674e+00	1.271447496420e+01	8.818505694287e-01	0.000000000000e+00	0.000000000000e+00
8.800000000000e+00	4.611841252243e+00	1.277515441605e+01	8.779137365295e-01	0.000000000000e+00	0.000000000000e+00
8.850000000000e+00	4.662254018242e+00	1.283563587046e+01	8.739769036302e-01	0.000000000000e+00	0.000000000000e+00
8.900000000000e+00	4.712904498340e+00	1.289591839006e+01	8.700400707310e-01	0.000000000000e+00	0.000000000000e+00
8.950000000000e+00	4.763791907525e+00	1.295600104055e+01	8.661032378318e-01	0.000000000000e+00	0.000000000000e+00
9.000000000000e+00	4.814915457112e+00	1.301588289074e+01	8.621664049325e-01	0.000000000000e+00	0.000000000000e+00
9.050000000000e+00	4.866274354755e+00	1.307556301252e+01	8.582295720333e-01	0.000000000000e+00	0.000000000000e+00
9.100000000000e+00	4.917867804462e+00	1.313504048095e+01	8.542927391341e-01	0.000000000000e+00	0.000000000000e+00
9.150000000000e+00	4.969695006604e+00	1.319431437421e+01	8.503559062348e-01	0.000000000000e+00	0.000000000000e+00
9.200000000000e+00	5.021755157932e+00	1.325338377363e+01	8.464190733356e-01	0.000000000000e+00	0.000000000000e+00
9.250000000000e+00	5.074047451583e+00	1.331224776371e+01	8.424822404364e-01	0.000000000000e+00	0.000000000000e+00
9.300000000000e+00	5.126571077098e+00	1.337090543215e+01	8.385454075371e-01	0.000000000000e+00	0.000000000000e+00
9.350000000000e+00	5.179325220434e+00	1.342935586982e+01	8.346085746379e-01	0.000000000000e+00	0.000000000000e+00
9.400000000000e+00	5.232309063973e+00	1.348759817084e+01	8.306717417387e-01	0.000000000000e+00	0.000000000000e+00
9.450000000000e+00	5.285521786537e+00	1.354563143251e+01	8.267349088394e-01	0.000000000000e+00	0.000000000000e+00
9.500000000000e+00	5.338962563403e+00	1.360345475542e+01	8.227980759402e-01	0.000000000000e+00	0.000000000000e+00
9.550000000000e+00	5.392630566312e+00	1.366106724337e+01	8.188612430409e-01	0.000000000000e+00	0.000000000000e+00
9.600000000000e+00	5.446524963482e+00	1.371846800344e+01	8.149244101417e-01	0.000000000000e+00	0.000000000000e+00
9.650000000000e+00	5.500644919625e+00	1.377565614601e+01	8.109875772425e-01	0.000000000000e+00	0.000000000000e+00
9.700000000000e+00	5.554989595954e+00	1.383263078474e+01	8.070507443432e-01	0.000000000000e+00	0.000000000000e+00
9.750000000000e+00	5.609558150202e+00	1.388939103660e+01	8.031139114440e-01	0.000000000000e+00	0.000000000000e+00
9.800000000000e+00	5.664349736631e+00	1.394593602188e+01	7.991770785448e-01	0.000000000000e+00	0.000000000000e+00
9.850000000000e+00	5.719363506046e+00	1.400226486421e+01	7.952402456455e-01	0.000000000000e+00	0.000000000000e+00
9.900000000000e+00	5.774598605808e+00	1.405837669058e+01	7.913034127463e-01	0.000000000000e+00	0.000000000000e+00
9.950000000000e+00	5.830054179850e+00	1.411427063132e+01	7.873665798471e-01	0.000000000000e+00	0.000000000000e+00
1.000000000000e+01	5.885729368685e+00	1.416994582015e+01	7.834297469478e-01	0.000000000000e+00	0.000000000000e+00
1.005000000000e+01	5.941623309424e+00	1.422540139419e+01	7.794929140486e-01	0.000000000000e+00	0.000000000000e+00
1.010000000000e+01	5.997735135788e+00	1.428063649395e+01	7.755560811494e-01	0.000000000000e+00	0.000000000000e+00
1.015000000000e+01	6.054063978120e+00	1.433565026337e+01	7.716192482501e-01	0.000000000000e+00	0.000000000000e+00
1.020000000000e+01	6.110608963400e+00	1.439044184980e+01	7.676824153509e-01	0.000000000000e+00	0.000000000000e+00
1.025000000000e+01	6.167369215257e+00	1.444501040405e+01	7.637455824517e-01	0.000000000000e+00	0.000000000000e+00
1.030000000000e+01	6.224343853987e+00	1.449935508038e+01	7.598087495524e-01	0.000000000000e+00	0.000000000000e+00
1.035000000000e+01	6.281531996558e+00	1.455347503652e+01	7.558719166532e-01	0.000000000000e+00	0.000000000000e+00
1.040000000000e+01	6.338932756634e+00	1.460736943369e+01	7.519350837539e-01	0.000000000000e+00	0.000000000000e+00
1.045000000000e+01	6.396545244582e+00	1.466103743660e+01	7.479982508547e-01	0.000000000000e+00	0.000000000000e+00
1.050000000000e+01	6.454368567485e+00	1.471447821346e+01	7.440614179555e-01	0.000000000000e+00	0.000000000000e+00
1.055000000000e+01	6.512401829163e+00	1.476769093603e+01	7.401245850562e-01	0.000000000000e+00	0.000000000000e+00
1.060000000000e+01	6.570644130178e+00	1.482067477957e+01	7.361877521570e-01	0.000000000000e+00	0.000000000000e+00
1.065000000000e+01	6.629094567854e+00	1.487342892290e+01	7.322509192578e-01	0.000000000000e+00	0.000000000000e+00
1.070000000000e+01	6.687752236290e+00	1.492595254842e+01	7.283140863585e-01	0.000000000000e+00	0.000000000000e+00
1.075000000000e+01	6.746616226372e+00	1.497824484207e+01	7.243772534593e-01	0.000000000000e+00	0.000000000000e+00
1.080000000000e+01	6.805685625789e+00	1.503030499340e+01	7.204404205601e-01	0.000000000000e+00	0.000000000000e+00
1.085000000000e+01	6.864959519045e+00	1.508213219554e+01	7.165035876608e-01	0.000000000000e+00	0.000000000000e+00
1.090000000000e+01	6.924436987477e+00	1.513372564524e+01	7.125667547616e-01	0.000000000000e+00	0.000000000000e+00
1.095000000000e+01	6.984117109264e+00	1.518508454289e+01	7.086299218624e-01	0.000000000000e+00	0.000000000000e+00
1.100000000000e+01	7.043998959447e+00	1.523620809247e+01	7.046930889631e-01	0.000000000000e+00	0.000000000000e+00
1.105000000000e+01	7.104081609938e+00	1.528709550166e+01	7.007562560639e-01	0.000000000000e+00	0.000000000000e+00
1.110000000000e+01	7.164364129539e+00	1.533774598176e+01	6.968194231647e-01	0.000000000000e+00	0.000000000000e+00
1.115000000000e+01	7.224845583953e+00	1.538815874776e+01	6.928825902654e-01	0.000000000000e+00	0.000000000000e+00
1.120000000000e+01	7.285525035801e+00	1.543833301833e+01	6.889457573662e-01	0.000000000000e+00	0.000000000000e+00
1.125000000000e+01	7.346401544632e+00	1.548826801583e+01	6.850089244669e-01	0.000000000000e+00	0.000000000000e+00
1.130000000000e+01	7.407474166946e+00	1.553796296636e+01	6.810720915677e-01	0.000000000000e+00	0.000000000000e+00
1.135000000000e+01	7.468741956199e+00	1.558741709969e+01	6.771352586685e-01	0.000000000000e+00	0.000000000000e+00
1.140000000000e+01	7.530203962825e+00	1.563662964936e+01	6.731984257692e-01	0.000000000000e+00	0.000000000000e+00
1.145000000000e+01	7.591859234247e+00	1.568559985264e+01	6.692615928700e-01	0.000000000000e+00	0.000000000000e+00
1.150000000000e+01	7.653706814892e+00	1.573432695057e+01	6.653247599708e-01	0.000000000000e+00	0.000000000000e+00
1.155000000000e+01	7.715745746207e+00	1.578281018793e+01	6.613879270715e-01	0.000000000000e+00	0.000000000000e+00
1.160000000000e+01	7.777975066673e+00	1.583104881330e+01	6.574510941723e-01	0.000000000000e+00	0.000000000000e+00
1.165000000000e+01	7.840393811822e+00	1.587904207906e+01	6.535142612731e-01	0.000000000000e+00	0.000000000000e+00
1.170000000000e+01	7.903001014247e+00	1.592678924136e+01	6.495774283738e-01	0.000000000000e+00	0.000000000000e+00
1.175000000000e+01	7.965795703624e+00	1.597428956020e+01	6.456405954746e-01	0.000000000000e+00	0.000000000000e+00
1.180000000000e+01	8.028776906719e+00	1.602154229938e+01	6.417037625754e-01	0.000000000000e+00	0.000000000000e+00
1.185000000000e+01	8.091943647410e+00	1.606854672656e+01	6.377669296761e-01	0.000000000000e+00	0.000000000000e+00
1.190000000000e+01	8.155294946700e+00	1.611530211322e+01	6.338300967769e-01	0.000000000000e+00	0.000000000000e+00
1.195000000000e+01	8.218829822730e+00	1.616180773472e+01	6.298932638777e-01	0.000000000000e+00	0.000000000000e+00
1.200000000000e+01	8.282547290796e+00	1.620806287030e+01	6.259564309784e-01	0.000000000000e+00	0.000000000000e+00
1.205000000000e+01	8.346446363363e+00	1.625406680305e+01	6.220195980792e-01	0.000000000000e+00	0.000000000000e+00
1.210000000000e+01	8.410526050085e+00	1.629981881998e+01	6.180827651799e-01	0.000000000000e+00	0.000000000000e+00
1.215000000000e+01	8.474785357813e+00	1.634531821200e+01	6.141459322807e-01	0.000000000000e+00	0.000000000000e+00
1.220000000000e+01	8.539223290616e+00	1.639056427392e+01	6.102090993815e-01	0.000000000000e+00	0.000000000000e+00
1.225000000000e+01	8.603838849795e+00	1.643555630450e+01	6.062722664822e-01	0.000000000000e+00	0.000000000000e+00
1.230000000000e+01	8.668631033895e+00	1.648029360643e+01	6.023354335830e-01	0.000000000000e+00	0.000000000000e+00
1.235000000000e+01	8.733598838728e+00	1.652477548632e+01	5.983986006838e-01	0.000000000000e+00	0.000000000000e+00
1.240000000000e+01	8.798741257380e+00	1.656900125478e+01	5.944617677845e-01	0.000000000000e+00	0.000000000000e+00
1.245000000000e+01	8.864057280233e+00	1.661297022636e+01	5.905249348853e-01	0.000000000000e+00	0.000000000000e+00
1.250000000000e+01	8.929545894979e+00	1.665668171962e+01	5.865881019861e-01	0.000000000000e+00	0.000000000000e+00
1.255000000000e+01	8.995206086633e+00	1.670013505707e+01	5.826512690868e-01	0.000000000000e+00	0.000000000000e+00
1.260000000000e+01	9.061036837551e+00	1.674332956525e+01	5.787144361876e-01	0.000000000000e+00	0.000000000000e+00
1.265000000000e+01	9.127037127449e+00	1.678626457471e+01	5.747776032884e-01	0.000000000000e+00	0.000000000000e+00
1.270000000000e+01	9.193205933410e+00	1.682893942001e+01	5.708407703891e-01	0.000000000000e+00	0.000000000000e+00
1.275000000000e+01	9.259542229909e+00	1.687135343975e+01	5.669039374899e-01	0.000000000000e+00	0.000000000000e+00
1.280000000000e+01	9.326044988824e+00	1.691350597657e+01	5.629671045907e-01	0.000000000000e+00	0.000000000000e+00
1.285000000000e+01	9.392713179453e+00	1.695539637716e+01	5.590302716914e-01	0.000000000000e+00	0.000000000000e+00
1.290000000000e+01	9.459545768530e+00	1.699702399228e+01	5.550934387922e-01	0.000000000000e+00	0.000000000000e+00
1.295000000000e+01	9.526541720242e+00	1.703838817677e+01	5.511566058929e-01	0.000000000000e+00	0.000000000000e+00
1.300000000000e+01	9.593699996243e+00	1.707948828952e+01	5.472197729937e-01	0.000000000000e+00	0.000000000000e+00
1.305000000000e+01	9.661019555671e+00	1.712032369355e+01	5.432829400945e-01	0.000000000000e+00	0.000000000000e+00
1.310000000000e+01	9.728499355166e+00	1.716089375595e+01	5.393461071952e-01	0.000000000000e+00	0.000000000000e+00
1.315000000000e+01	9.796138348882e+00	1.720119784797e+01	5.354092742960e-01	0.000000000000e+00	0.000000000000e+00
1.320000000000e+01	9.863935488507e+00	1.724123534492e+01	5.314724413968e-01	0.000000000000e+00	0.000000000000e+00
1.325000000000e+01	9.931889723279e+00	1.728100562629e+01	5.275356084975e-01	0.000000000000e+00	0.000000000000e+00
1.330000000000e+01	1.000000000000e+01	1.732050807569e+01	5.235987755983e-01	0.000000000000e+00	0.000000000000e+00
1.335000000000e+01	1.006826526305e+01	1.735974208089e+01	5.196619426991e-01	0.000000000000e+00	0.000000000000e+00
1.340000000000e+01	1.013668445442e+01	1.739870703381e+01	5.157251097998e-01	0.000000000000e+00	0.000000000000e+00
1.345000000000e+01	1.020525651370e+01	1.743740233055e+01	5.117882769006e-01	0.000000000000e+00	0.000000000000e+00
1.350000000000e+01	1.027398037811e+01	1.747582737139e+01	5.078514440014e-01	0.000000000000e+00	0.000000000000e+00
1.355000000000e+01	1.034285498254e+01	1.751398156079e+01	5.039146111021e-01	0.000000000000e+00	0.000000000000e+00
1.360000000000e+01	1.041187925952e+01	1.755186430741e+01	4.999777782029e-01	0.000000000000e+00	0.000000000000e+00
1.365000000000e+01	1.048105213926e+01	1.758947502413e+01	4.960409453037e-01	0.000000000000e+00	0.000000000000e+00
1.370000000000e+01	1.055037254968e+01	1.762681312802e+01	4.921041124044e-01	0.000000000000e+00	0.000000000000e+00
1.375000000000e+01	1.061983941642e+01	1.766387804040e+01	4.881672795052e-01	0.000000000000e+00	0.000000000000e+00
1.380000000000e+01	1.068945166282e+01	1.770066918681e+01	4.842304466059e-01	0.000000000000e+00	0.000000000000e+00
1.385000000000e+01	1.075920821000e+01	1.773718599705e+01	4.802936137067e-01	0.000000000000e+00	0.000000000000e+00
1.390000000000e+01	1.082910797682e+01	1.777342790514e+01	4.763567808075e-01	0.000000000000e+00	0.000000000000e+00
1.395000000000e+01	1.089914987993e+01	1.780939434939e+01	4.724199479082e-01	0.000000000000e+00	0.000000000000e+00
1.400000000000e+01	1.096933283378e+01	1.784508477237e+01	4.684831150090e-01	0.000000000000e+00	0.000000000000e+00
1.405000000000e+01	1.103965575063e+01	1.788049862092e+01	4.645462821098e-01	0.000000000000e+00	0.000000000000e+00
1.410000000000e+01	1.111011754057e+01	1.791563534619e+01	4.606094492105e-01	0.000000000000e+00	0.000000000000e+00
1.415000000000e+01	1.118071711154e+01	1.795049440359e+01	4.566726163113e-01	0.000000000000e+00	0.000000000000e+00
1.420000000000e+01	1.125145336934e+01	1.798507525286e+01	4.527357834121e-01	0.000000000000e+00	0.000000000000e+00
1.425000000000e+01	1.132232521765e+01	1.801937735805e+01	4.487989505128e-01	0.000000000000e+00	0.000000000000e+00
1.430000000000e+01	1.139333155806e+01	1.805340018751e+01	4.448621176136e-01	0.000000000000e+00	0.000000000000e+00
1.435000000000e+01	1.146447129007e+01	1.808714321395e+01	4.409252847144e-01	0.000000000000e+00	0.000000000000e+00
1.440000000000e+01	1.153574331111e+01	1.812060591439e+01	4.369884518151e-01	0.000000000000e+00	0.000000000000e+00
1.445000000000e+01	1.160714651656e+01	1.815378777020e+01	4.330516189159e-01	0.000000000000e+00	0.000000000000e+00
1.450000000000e+01	1.167867979977e+01	1.818668826712e+01	4.291147860167e-01	0.000000000000e+00	0.000000000000e+00
1.455000000000e+01	1.175034205207e+01	1.821930689522e+01	4.251779531174e-01	0.000000000000e+00	0.000000000000e+00
1.460000000000e+01	1.182213216279e+01	1.825164314896e+01	4.212411202182e-01	0.000000000000e+00	0.000000000000e+00
1.465000000000e+01	1.189404901928e+01	1.828369652719e+01	4.173042873189e-01	0.000000000000e+00	0.000000000000e+00
1.470000000000e+01	1.196609150694e+01	1.831546653310e+01	4.133674544197e-01	0.000000000000e+00	0.000000000000e+00
1.475000000000e+01	1.203825850920e+01	1.834695267432e+01	4.094306215205e-01	0.000000000000e+00	0.000000000000e+00
1.480000000000e+01	1.211054890757e+01	1.837815446284e+01	4.054937886212e-01	0.000000000000e+00	0.000000000000e+00
1.485000000000e+01	1.218296158165e+01	1.840907141509e+01	4.015569557220e-01	0.000000000000e+00	0.000000000000e+00
1.490000000000e+01	1.225549540914e+01	1.843970305190e+01	3.976201228228e-01	0.000000000000e+00	0.000000000000e+00
1.495000000000e+01	1.232814926586e+01	1.847004889850e+01	3.936832899235e-01	0.000000000000e+00	0.000000000000e+00
1.500000000000e+01	1.240092202579e+01	1.850010848460e+01	3.897464570243e-01	0.000000000000e+00	0.000000000000e+00
1.505000000000e+01	1.247381256104e+01	1.852988134430e+01	3.858096241251e-01	0.000000000000e+00	0.000000000000e+00
1.510000000000e+01	1.254681974191e+01	1.855936701616e+01	3.818727912258e-01	0.000000000000e+00	0.000000000000e+00
1.515000000000e+01	1.261994243689e+01	1.858856504320e+01	3.779359583266e-01	0.000000000000e+00	0.000000000000e+00
1.520000000000e+01	1.269317951267e+01	1.861747497288e+01	3.739991254274e-01	0.000000000000e+00	0.000000000000e+00
1.525000000000e+01	1.276652983419e+01	1.864609635715e+01	3.700622925281e-01	0.000000000000e+00	0.000000000000e+00
1.530000000000e+01	1.283999226460e+01	1.867442875241e+01	3.661254596289e-01	0.000000000000e+00	0.000000000000e+00
1.535000000000e+01	1.291356566535e+01	1.870247171955e+01	3.621886267297e-01	0.000000000000e+00	0.000000000000e+00
1.540000000000e+01	1.298724889614e+01	1.873022482394e+01	3.582517938304e-01	0.000000000000e+00	0.000000000000e+00
1.545000000000e+01	1.306104081500e+01	1.875768763544e+01	3.543149609312e-01	0.000000000000e+00	0.000000000000e+00
1.550000000000e+01	1.313494027823e+01	1.878485972842e+01	3.503781280319e-01	0.000000000000e+00	0.000000000000e+00
1.555000000000e+01	1.320894614051e+01	1.881174068175e+01	3.464412951327e-01	0.000000000000e+00	0.000000000000e+00
1.560000000000e+01	1.328305725485e+01	1.883833007881e+01	3.425044622335e-01	0.000000000000e+00	0.000000000000e+00
1.565000000000e+01	1.335727247261e+01	1.886462750750e+01	3.385676293342e-01	0.000000000000e+00	0.000000000000e+00
1.570000000000e+01	1.343159064358e+01	1.889063256025e+01	3.346307964350e-01	0.000000000000e+00	0.000000000000e+00
1.575000000000e+01	1.350601061591e+01	1.891634483401e+01	3.306939635358e-01	0.000000000000e+00	0.000000000000e+00
1.580000000000e+01	1.358053123620e+01	1.894176393028e+01	3.267571306365e-01	0.000000000000e+00	0.000000000000e+00
1.585000000000e+01	1.365515134948e+01	1.896688945510e+01	3.228202977373e-01	0.000000000000e+00	0.000000000000e+00
1.590000000000e+01	1.372986979924e+01	1.899172101905e+01	3.188834648381e-01	0.000000000000e+00	0.000000000000e+00
1.595000000000e+01	1.380468542746e+01	1.901625823729e+01	3.149466319388e-01	0.000000000000e+00	0.000000000000e+00
1.600000000000e+01	1.387959707458e+01	1.904050072951e+01	3.110097990396e-01	0.000000000000e+00	0.000000000000e+00
1.605000000000e+01	1.395460357958e+01	1.906444812000e+01	3.070729661404e-01	0.000000000000e+00	0.000000000000e+00
1.610000000000e+01	1.402970377997e+01	1.908810003759e+01	3.031361332411e-01	0.000000000000e+00	0.000000000000e+00
1.615000000000e+01	1.410489651178e+01	1.911145611572e+01	2.991993003419e-01	0.000000000000e+00	0.000000000000e+00
1.620000000000e+01	1.418018060964e+01	1.913451599241e+01	2.952624674426e-01	0.000000000000e+00	0.000000000000e+00
1.625000000000e+01	1.425555490675e+01	1.915727931024e+01	2.913256345434e-01	0.000000000000e+00	0.000000000000e+00
1.630000000000e+01	1.433101823491e+01	1.917974571643e+01	2.873888016442e-01	0.000000000000e+00	0.000000000000e+00
1.635000000000e+01	1.440656942454e+01	1.920191486278e+01	2.834519687449e-01	0.000000000000e+00	0.000000000000e+00
1.640000000000e+01	1.448220730469e+01	1.922378640569e+01	2.795151358457e-01	0.000000000000e+00	0.000000000000e+00
1.645000000000e+01	1.455793070309e+01	1.924536000619e+01	2.755783029465e-01	0.000000000000e+00	0.000000000000e+00
1.650000000000e+01	1.463373844613e+01	1.926663532990e+01	2.716414700472e-01	0.000000000000e+00	0.000000000000e+00
1.655000000000e+01	1.470962935889e+01	1.928761204711e+01	2.677046371480e-01	0.000000000000e+00	0.000000000000e+00
1.660000000000e+01	1.478560226516e+01	1.930828983268e+01	2.637678042488e-01	0.000000000000e+00	0.000000000000e+00
1.665000000000e+01	1.486165598747e+01	1.932866836616e+01	2.598309713495e-01	0.000000000000e+00	0.000000000000e+00
1.670000000000e+01	1.493778934709e+01	1.934874733169e+01	2.558941384503e-01	0.000000000000e+00	0.000000000000e+00
1.675000000000e+01	1.501400116405e+01	1.936852641808e+01	2.519573055511e-01	0.000000000000e+00	0.000000000000e+00
1.680000000000e+01	1.509029025718e+01	1.938800531879e+01	2.480204726518e-01	0.000000000000e+00	0.000000000000e+00
1.685000000000e+01	1.516665544411e+01	1.940718373191e+01	2.440836397526e-01	0.000000000000e+00	0.000000000000e+00
1.690000000000e+01	1.524309554127e+01	1.942606136021e+01	2.401468068534e-01	0.000000000000e+00	0.000000000000e+00
1.695000000000e+01	1.531960936394e+01	1.944463791110e+01	2.362099739541e-01	0.000000000000e+00	0.000000000000e+00
1.700000000000e+01	1.539619572627e+01	1.946291309669e+01	2.322731410549e-01	0.000000000000e+00	0.000000000000e+00
1.705000000000e+01	1.547285344128e+01	1.948088663372e+01	2.283363081556e-01	0.000000000000e+00	0.000000000000e+00
1.710000000000e+01	1.554958132087e+01	1.949855824364e+01	2.243994752564e-01	0.000000000000e+00	0.000000000000e+00
1.715000000000e+01	1.562637817587e+01	1.951592765255e+01	2.204626423572e-01	0.000000000000e+00	0.000000000000e+00
1.720000000000e+01	1.570324281603e+01	1.953299459126e+01	2.165258094579e-01	0.000000000000e+00	0.000000000000e+00
1.725000000000e+01	1.578017405006e+01	1.954975879524e+01	2.125889765587e-01	0.000000000000e+00	0.000000000000e+00
1.730000000000e+01	1.585717068561e+01	1.956622000469e+01	2.086521436595e-01	0.000000000000e+00	0.000000000000e+00
1.735000000000e+01	1.593423152936e+01	1.958237796447e+01	2.047153107602e-01	0.000000000000e+00	0.000000000000e+00
1.740000000000e+01	1.601135538697e+01	1.959823242415e+01	2.007784778610e-01	0.000000000000e+00	0.000000000000e+00
1.745000000000e+01	1.608854106311e+01	1.961378313801e+01	1.968416449618e-01	0.000000000000e+00	0.000000000000e+00
1.750000000000e+01	1.616578736153e+01	1.962902986505e+01	1.929048120625e-01	0.000000000000e+00	0.000000000000e+00
1.755000000000e+01	1.624309308499e+01	1.964397236895e+01	1.889679791633e-01	0.000000000000e+00	0.000000000000e+00
1.760000000000e+01	1.632045703538e+01	1.965861041812e+01	1.850311462641e-01	0.000000000000e+00	0.000000000000e+00
1.765000000000e+01	1.639787801366e+01	1.967294378571e+01	1.810943133648e-01	0.000000000000e+00	0.000000000000e+00
1.770000000000e+01	1.647535481991e+01	1.968697224955e+01	1.771574804656e-01	0.000000000000e+00	0.000000000000e+00
1.775000000000e+01	1.655288625333e+01	1.970069559223e+01	1.732206475664e-01	0.000000000000e+00	0.000000000000e+00
1.780000000000e+01	1.663047111231e+01	1.971411360105e+01	1.692838146671e-01	0.000000000000e+00	0.000000000000e+00
1.785000000000e+01	1.670810819439e+01	1.972722606805e+01	1.653469817679e-01	0.000000000000e+00	0.000000000000e+00
1.790000000000e+01	1.678579629628e+01	1.974003279002e+01	1.614101488686e-01	0.000000000000e+00	0.000000000000e+00
1.795000000000e+01	1.686353421394e+01	1.975253356845e+01	1.574733159694e-01	0.000000000000e+00	0.000000000000e+00
1.800000000000e+01	1.694132074254e+01	1.976472820962e+01	1.535364830702e-01	0.000000000000e+00	0.000000000000e+00
1.805000000000e+01	1.701915467648e+01	1.977661652450e+01	1.495996501709e-01	0.000000000000e+00	0.000000000000e+00
1.810000000000e+01	1.709703480945e+01	1.978819832886e+01	1.456628172717e-01	0.000000000000e+00	0.000000000000e+00
1.815000000000e+01	1.717495993441e+01	1.979947344320e+01	1.417259843725e-01	0.000000000000e+00	0.000000000000e+00
1.820000000000e+01	1.725292884363e+01	1.981044169275e+01	1.377891514732e-01	0.000000000000e+00	0.000000000000e+00
1.825000000000e+01	1.733094032870e+01	1.982110290753e+01	1.338523185740e-01	0.000000000000e+00	0.000000000000e+00
1.830000000000e+01	1.740899318055e+01	1.983145692231e+01	1.299154856748e-01	0.000000000000e+00	0.000000000000e+00
1.835000000000e+01	1.748708618946e+01	1.984150357661e+01	1.259786527755e-01	0.000000000000e+00	0.000000000000e+00
1.840000000000e+01	1.756521814511e+01	1.985124271473e+01	1.220418198763e-01	0.000000000000e+00	0.000000000000e+00
1.845000000000e+01	1.764338783654e+01	1.986067418571e+01	1.181049869771e-01	0.000000000000e+00	0.000000000000e+00
1.850000000000e+01	1.772159405224e+01	1.986979784339e+01	1.141681540778e-01	0.000000000000e+00	0.000000000000e+00
1.855000000000e+01	1.779983558012e+01	1.987861354636e+01	1.102313211786e-01	0.000000000000e+00	0.000000000000e+00
1.860000000000e+01	1.787811120754e+01	1.988712115799e+01	1.062944882794e-01	0.000000000000e+00	0.000000000000e+00
1.865000000000e+01	1.795641972134e+01	1.989532054642e+01	1.023576553801e-01	0.000000000000e+00	0.000000000000e+00
1.870000000000e+01	1.803475990783e+01	1.990321158457e+01	9.842082248088e-02	0.000000000000e+00	0.000000000000e+00
1.875000000000e+01	1.811313055287e+01	1.991079415015e+01	9.448398958165e-02	0.000000000000e+00	0.000000000000e+00
1.880000000000e+01	1.819153044180e+01	1.991806812563e+01	9.054715668241e-02	0.000000000000e+00	0.000000000000e+00
1.885000000000e+01	1.826995835954e+01	1.992503339827e+01	8.661032378318e-02	0.000000000000e+00	0.000000000000e+00
1.890000000000e+01	1.834841309055e+01	1.993168986013e+01	8.267349088394e-02	0.000000000000e+00	0.000000000000e+00
1.895000000000e+01	1.842689341891e+01	1.993803740804e+01	7.873665798471e-02	0.000000000000e+00	0.000000000000e+00
1.900000000000e+01	1.850539812827e+01	1.994407594362e+01	7.479982508547e-02	0.000000000000e+00	0.000000000000e+00
1.905000000000e+01	1.858392600192e+01	1.994980537329e+01	7.086299218624e-02	0.000000000000e+00	0.000000000000e+00
1.910000000000e+01	1.866247582278e+01	1.995522560823e+01	6.692615928700e-02	0.000000000000e+00	0.000000000000e+00
1.915000000000e+01	1.874104637343e+01	1.996033656445e+01	6.298932638777e-02	0.000000000000e+00	0.000000000000e+00
1.920000000000e+01	1.881963643615e+01	1.996513816274e+01	5.905249348853e-02	0.000000000000e+00	0.000000000000e+00
1.925000000000e+01	1.889824479288e+01	1.996963032867e+01	5.511566058929e-02	0.000000000000e+00	0.000000000000e+00
1.930000000000e+01	1.897687022532e+01	1.997381299262e+01	5.117882769006e-02	0.000000000000e+00	0.000000000000e+00
1.935000000000e+01	1.905551151487e+01	1.997768608977e+01	4.724199479082e-02	0.000000000000e+00	0.000000000000e+00
1.940000000000e+01	1.913416744270e+01	1.998124956009e+01	4.330516189159e-02	0.000000000000e+00	0.000000000000e+00
1.945000000000e+01	1.921283678975e+01	1.998450334836e+01	3.936832899235e-02	0.000000000000e+00	0.000000000000e+00
1.950000000000e+01	1.929151833676e+01	1.998744740413e+01	3.543149609312e-02	0.000000000000e+00	0.000000000000e+00
1.955000000000e+01	1.937021086426e+01	1.999008168179e+01	3.149466319388e-02	0.000000000000e+00	0.000000000000e+00
1.960000000000e+01	1.944891315264e+01	1.999240614050e+01	2.755783029465e-02	0.000000000000e+00	0.000000000000e+00
1.965000000000e+01	1.952762398210e+01	1.999442074424e+01	2.362099739541e-02	0.000000000000e+00	0.000000000000e+00
1.970000000000e+01	1.960634213275e+01	1.999612546179e+01	1.968416449618e-02	0.000000000000e+00	0.000000000000e+00
1.975000000000e+01	1.968506638456e+01	1.999752026672e+01	1.574733159694e-02	0.000000000000e+00	0.000000000000e+00
1.980000000000e+01	1.976379551741e+01	1.999860513742e+01	1.181049869771e-02	0.000000000000e+00	0.000000000000e+00
1.985000000000e+01	1.984252831111e+01	1.999938005707e+01	7.873665798471e-03	0.000000000000e+00	0.000000000000e+00
1.990000000000e+01	1.992126354540e+01	1.999984501367e+01	3.936832899235e-03	0.000000000000e+00	0.000000000000e+00
1.995000000000e+01	2.000000000000e+01	2.000000000000e+01	0.000000000000e+00	0.000000000000e+00	0.000000000000e+00
2.000000000000e+01	2.005000000000e+01	2.000000000000e+01	0.000000000000e+00	0.000000000000e+00	0.000000000000e+00
2.005000000000e+01	2.010000000000e+01	2.000000000000e+01	0.000000000000e+00	0.000000000000e+00	0.000000000000e+00
2.010000000000e+01	2.015000000000e+01	2.000000000000e+01	0.000000000000e+00	0.000000000000e+00	0.000000000000e+00
2.015000000000e+01	2.020000000000e+01	2.000000000000e+01	0.000000000000e+00	0.000000000000e+00	0.000000000000e+00
2.020000000000e+01	2.025000000000e+01	2.000000000000e+01	0.000000000000e+00	0.000000000000e+00	0.000000000000e+00
2.025000000000e+01	2.030000000000e+01	2.000000000000e+01	0.000000000000e+00	0.000000000000e+00	0.000000000000e+00
2.030000000000e+01	2.035000000000e+01	2.000000000000e+01	0.000000000000e+00	0.000000000000e+00	0.000000000000e+00
2.035000000000e+01	2.040000000000e+01	2.000000000000e+01	0.000000000000e+00	0.000000000000e+00	0.000000000000e+00
2.040000000000e+01	2.045000000000e+01	2.000000000000e+01	0.000000000000e+00	0.000000000000e+00	0.000000000000e+00
2.045000000000e+01	2.050000000000e+01	2.000000000000e+01	0.000000000000e+00	0.000000000000e+00	0.000000000000e+00
2.050000000000e+01	2.055000000000e+01	2.000000000000e+01	0.000000000000e+00	0.000000000000e+00	0.000000000000e+00
2.055000000000e+01	2.060000000000e+01	2.000000000000e+01	0.000000000000e+00	0.000000000000e+00	0.000000000000e+00
2.060000000000e+01	2.065000000000e+01	2.000000000000e+01	0.000000000000e+00	0.000000000000e+00	0.000000000000e+00
2.065000000000e+01	2.070000000000e+01	2.000000000000e+01	0.000000000000e+00	0.000000000000e+00	0.000000000000e+00
2.070000000000e+01	2.075000000000e+01	2.000000000000e+01	0.000000000000e+00	0.000000000000e+00	0.000000000000e+00
2.075000000000e+01	2.080000000000e+01	2.000000000000e+01	0.000000000000e+00	0.000000000000e+00	0.000000000000e+00
2.080000000000e+01	2.085000000000e+01	2.000000000000e+01	0.000000000000e+00	0.000000000000e+00	0.000000000000e+00
2.085000000000e+01	2.090000000000e+01	2.000000000000e+01	0.000000000000e+00	0.000000000000e+00	0.000000000000e+00
2.090000000000e+01	2.095000000000e+01	2.000000000000e+01	0.000000000000e+00	0.000000000000e+00	0.000000000000e+00
2.095000000000e+01	2.100000000000e+01	2.000000000000e+01	0.000000000000e+00	0.000000000000e+00	0.000000000000e+00
2.100000000000e+01	2.105000000000e+01	2.000000000000e+01	0.000000000000e+00	0.000000000000e+00	0.000000000000e+00
2.105000000000e+01	2.110000000000e+01	2.000000000000e+01	0.000000000000e+00	0.000000000000e+00	0.000000000000e+00
2.110000000000e+01	2.115000000000e+01	2.000000000000e+01	0.000000000000e+00	0.000000000000e+00	0.000000000000e+00
2.115000000000e+01	2.120000000000e+01	2.000000000000e+01	0.000000000000e+00	0.000000000000e+00	0.000000000000e+00
2.120000000000e+01	2.125000000000e+01	2.000000000000e+01	0.000000000000e+00	0.000000000000e+00	0.000000000000e+00
2.125000000000e+01	2.130000000000e+01	2.000000000000e+01	0.000000000000e+00	0.000000000000e+00	0.000000000000e+00
2.130000000000e+01	2.135000000000e+01	2.000000000000e+01	0.000000000000e+00	0.000000000000e+00	0.000000000000e+00
2.135000000000e+01	2.140000000000e+01	2.000000000000e+01	0.000000000000e+00	0.000000000000e+00	0.000000000000e+00
2.140000000000e+01	2.145000000000e+01	2.000000000000e+01	0.000000000000e+00	0.000000000000e+00	0.000000000000e+00
2.145000000000e+01	2.150000000000e+01	2.000000000000e+01	0.000000000000e+00	0.000000000000e+00	0.000000000000e+00
2.150000000000e+01	2.155000000000e+01	2.000000000000e+01	0.000000000000e+00	0.000000000000e+00	0.000000000000e+00
2.155000000000e+01	2.160000000000e+01	2.000000000000e+01	0.000000000000e+00	0.000000000000e+00	0.000000000000e+00
2.160000000000e+01	2.165000000000e+01	2.000000000000e+01	0.000000000000e+00	0.000000000000e+00	0.000000000000e+00
2.165000000000e+01	2.170000000000e+01	2.000000000000e+01	0.000000000000e+00	0.000000000000e+00	0.000000000000e+00
2.170000000000e+01	2.175000000000e+01	2.000000000000e+01	0.000000000000e+00	0.000000000000e+00	0.000000000000e+00
2.175000000000e+01	2.180000000000e+01	2.000000000000e+01	0.000000000000e+00	0.000000000000e+00	0.000000000000e+00
2.180000000000e+01	2.185000000000e+01	2.000000000000e+01	0.000000000000e+00	0.000000000000e+00	0.000000000000e+00
2.185000000000e+01	2.190000000000e+01	2.000000000000e+01	0.000000000000e+00	0.000000000000e+00	0.000000000000e+00
2.190000000000e+01	2.195000000000e+01	2.000000000000e+01	0.000000000000e+00	0.000000000000e+00	0.000000000000e+00
2.195000000000e+01	2.200000000000e+01	2.000000000000e+01	0.000000000000e+00	0.000000000000e+00	0.000000000000e+00
2.200000000000e+01	2.205000000000e+01	2.000000000000e+01	0.000000000000e+00	0.000000000000e+00	0.000000000000e+00
2.205000000000e+01	2.210000000000e+01	2.000000000000e+01	0.000000000000e+00	0.000000000000e+00	0.000000000000e+00
2.210000000000e+01	2.215000000000e+01	2.000000000000e+01	0.000000000000e+00	0.000000000000e+00	0.000000000000e+00
2.215000000000e+01	2.220000000000e+01	2.000000000000e+01	0.000000000000e+00	0.000000000000e+00	0.000000000000e+00
2.220000000000e+01	2.225000000000e+01	2.000000000000e+01	0.000000000000e+00	0.000000000000e+00	0.000000000000e+00
2.225000000000e+01	2.230000000000e+01	2.000000000000e+01	0.000000000000e+00	0.000000000000e+00	0.000000000000e+00
2.230000000000e+01	2.235000000000e+01	2.000000000000e+01	0.000000000000e+00	0.000000000000e+00	0.000000000000e+00
2.235000000000e+01	2.240000000000e+01	2.000000000000e+01	0.000000000000e+00	0.000000000000e+00	0.000000000000e+00
2.240000000000e+01	2.245000000000e+01	2.000000000000e+01	0.000000000000e+00	0.000000000000e+00	0.000000000000e+00
2.245000000000e+01	2.250000000000e+01	2.000000000000e+01	0.000000000000e+00	0.000000000000e+00	0.000000000000e+00
2.250000000000e+01	2.255000000000e+01	2.000000000000e+01	0.000000000000e+00	0.000000000000e+00	0.000000000000e+00
2.255000000000e+01	2.260000000000e+01	2.000000000000e+01	0.000000000000e+00	0.000000000000e+00	0.000000000000e+00
2.260000000000e+01	2.265000000000e+01	2.000000000000e+01	0.000000000000e+00	0.000000000000e+00	0.000000000000e+00
2.265000000000e+01	2.270000000000e+01	2.000000000000e+01	0.000000000000e+00	0.000000000000e+00	0.000000000000e+00
2.270000000000e+01	2.275000000000e+01	2.000000000000e+01	0.000000000000e+00	0.000000000000e+00	0.000000000000e+00
2.275000000000e+01	2.280000000000e+01	2.000000000000e+01	0.000000000000e+00	0.000000000000e+00	0.000000000000e+00
2.280000000000e+01	2.285000000000e+01	2.000000000000e+01	0.000000000000e+00	0.000000000000e+00	0.000000000000e+00
2.285000000000e+01	2.290000000000e+01	2.000000000000e+01	0.000000000000e+00	0.000000000000e+00	0.000000000000e+00
2.290000000000e+01	2.295000000000e+01	2.000000000000e+01	0.000000000000e+00	0.000000000000e+00	0.000000000000e+00
2.295000000000e+01	2.300000000000e+01	2.000000000000e+01	0.000000000000e+00	0.000000000000e+00	0.000000000000e+00
2.300000000000e+01	2.305000000000e+01	2.000000000000e+01	0.000000000000e+00	0.000000000000e+00	0.000000000000e+00
2.305000000000e+01	2.310000000000e+01	2.000000000000e+01	0.000000000000e+00	0.000000000000e+00	0.000000000000e+00
2.310000000000e+01	2.315000000000e+01	2.000000000000e+01	0.000000000000e+00	0.000000000000e+00	0.000000000000e+00
2.315000000000e+01	2.320000000000e+01	2.000000000000e+01	0.000000000000e+00	0.000000000000e+00	0.000000000000e+00
2.320000000000e+01	2.325000000000e+01	2.000000000000e+01	0.000000000000e+00	0.000000000000e+00	0.000000000000e+00
2.325000000000e+01	2.330000000000e+01	2.000000000000e+01	0.000000000000e+00	0.000000000000e+00	0.000000000000e+00
2.330000000000e+01	2.335000000000e+01	2.000000000000e+01	0.000000000000e+00	0.000000000000e+00	0.000000000000e+00
2.335000000000e+01	2.340000000000e+01	2.000000000000e+01	0.000000000000e+00	0.000000000000e+00	0.000000000000e+00
2.340000000000e+01	2.345000000000e+01	2.000000000000e+01	0.000000000000e+00	0.000000000000e+00	0.000000000000e+00
2.345000000000e+01	2.350000000000e+01	2.000000000000e+01	0.000000000000e+00	0.000000000000e+00	0.000000000000e+00
2.350000000000e+01	2.355000000000e+01	2.000000000000e+01	0.000000000000e+00	0.000000000000e+00	0.000000000000e+00
2.355000000000e+01	2.360000000000e+01	2.000000000000e+01	0.000000000000e+00	0.000000000000e+00	0.000000000000e+00
2.360000000000e+01	2.365000000000e+01	2.000000000000e+01	0.000000000000e+00	0.000000000000e+00	0.000000000000e+00
2.365000000000e+01	2.370000000000e+01	2.000000000000e+01	0.000000000000e+00	0.000000000000e+00	0.000000000000e+00
2.370000000000e+01	2.375000000000e+01	2.000000000000e+01	0.000000000000e+00	0.000000000000e+00	0.000000000000e+00
2.375000000000e+01	2.380000000000e+01	2.000000000000e+01	0.000000000000e+00	0.000000000000e+00	0.000000000000e+00
2.380000000000e+01	2.385000000000e+01	2.000000000000e+01	0.000000000000e+00	0.000000000000e+00	0.000000000000e+00
2.385000000000e+01	2.390000000000e+01	2.000000000000e+01	0.000000000000e+00	0.000000000000e+00	0.000000000000e+00
2.390000000000e+01	2.395000000000e+01	2.000000000000e+01	0.000000000000e+00	0.000000000000e+00	0.000000000000e+00
2.395000000000e+01	2.400000000000e+01	2.000000000000e+01	0.000000000000e+00	0.000000000000e+00	0.000000000000e+00
2.400000000000e+01	2.405000000000e+01	2.000000000000e+01	0.000000000000e+00	0.000000000000e+00	0.000000000000e+00
2.405000000000e+01	2.410000000000e+01	2.000000000000e+01	0.000000000000e+00	0.000000000000e+00	0.000000000000e+00
2.410000000000e+01	2.415000000000e+01	2.000000000000e+01	0.000000000000e+00	0.000000000000e+00	0.000000000000e+00
2.415000000000e+01	2.420000000000e+01	2.000000000000e+01	0.000000000000e+00	0.000000000000e+00	0.000000000000e+00
2.420000000000e+01	2.425000000000e+01	2.000000000000e+01	0.000000000000e+00	0.000000000000e+00	0.000000000000e+00
2.425000000000e+01	2.430000000000e+01	2.000000000000e+01	0.000000000000e+00	0.000000000000e+00	0.000000000000e+00
2.430000000000e+01	2.435000000000e+01	2.000000000000e+01	0.000000000000e+00	0.000000000000e+00	0.000000000000e+00
2.435000000000e+01	2.440000000000e+01	2.000000000000e+01	0.000000000000e+00	0.000000000000e+00	0.000000000000e+00
2.440000000000e+01	2.445000000000e+01	2.000000000000e+01	0.000000000000e+00	0.000000000000e+00	0.000000000000e+00
2.445000000000e+01	2.450000000000e+01	2.000000000000e+01	0.000000000000e+00	0.000000000000e+00	0.000000000000e+00
2.450000000000e+01	2.455000000000e+01	2.000000000000e+01	0.000000000000e+00	0.000000000000e+00	0.000000000000e+00
2.455000000000e+01	2.460000000000e+01	2.000000000000e+01	0.000000000000e+00	0.000000000000e+00	0.000000000000e+00
2.460000000000e+01	2.465000000000e+01	2.000000000000e+01	0.000000000000e+00	0.000000000000e+00	0.000000000000e+00
2.465000000000e+01	2.470000000000e+01	2.000000000000e+01	0.000000000000e+00	0.000000000000e+00	0.000000000000e+00
2.470000000000e+01	2.475000000000e+01	2.000000000000e+01	0.000000000000e+00	0.000000000000e+00	0.000000000000e+00
2.475000000000e+01	2.480000000000e+01	2.000000000000e+01	0.000000000000e+00	0.000000000000e+00	0.000000000000e+00
2.480000000000e+01	2.485000000000e+01	2.000000000000e+01	0.000000000000e+00	0.000000000000e+00	0.000000000000e+00
2.485000000000e+01	2.490000000000e+01	2.000000000000e+01	0.000000000000e+00	0.000000000000e+00	0.000000000000e+00
2.490000000000e+01	2.495000000000e+01	2.000000000000e+01	0.000000000000e+00	0.000000000000e+00	0.000000000000e+00
2.495000000000e+01	2.500000000000e+01	2.000000000000e+01	0.000000000000e+00	0.000000000000e+00	0.000000000000e+00
2.500000000000e+01	2.505000000000e+01	2.000000000000e+01	0.000000000000e+00	0.000000000000e+00	0.000000000000e+00
2.505000000000e+01	2.510000000000e+01	2.000000000000e+01	0.000000000000e+00	0.000000000000e+00	0.000000000000e+00
2.510000000000e+01	2.515000000000e+01	2.000000000000e+01	0.000000000000e+00	0.000000000000e+00	0.000000000000e+00
2.515000000000e+01	2.520000000000e+01	2.000000000000e+01	0.000000000000e+00	0.000000000000e+00	0.000000000000e+00
2.520000000000e+01	2.525000000000e+01	2.000000000000e+01	0.000000000000e+00	0.000000000000e+00	0.000000000000e+00
2.525000000000e+01	2.530000000000e+01	2.000000000000e+01	0.000000000000e+00	0.000000000000e+00	0.000000000000e+00
2.530000000000e+01	2.535000000000e+01	2.000000000000e+01	0.000000000000e+00	0.000000000000e+00	0.000000000000e+00
2.535000000000e+01	2.540000000000e+01	2.000000000000e+01	0.000000000000e+00	0.000000000000e+00	0.000000000000e+00
2.540000000000e+01	2.545000000000e+01	2.000000000000e+01	0.000000000000e+00	0.000000000000e+00	0.000000000000e+00
2.545000000000e+01	2.550000000000e+01	2.000000000000e+01	0.000000000000e+00	0.000000000000e+00	0.000000000000e+00
2.550000000000e+01	2.555000000000e+01	2.000000000000e+01	0.000000000000e+00	0.000000000000e+00	0.000000000000e+00
2.555000000000e+01	2.560000000000e+01	2.000000000000e+01	0.000000000000e+00	0.000000000000e+00	0.000000000000e+00
2.560000000000e+01	2.565000000000e+01	2.000000000000e+01	0.000000000000e+00	0.000000000000e+00	0.000000000000e+00
2.565000000000e+01	2.570000000000e+01	2.000000000000e+01	0.000000000000e+00	0.000000000000e+00	0.000000000000e+00
2.570000000000e+01	2.575000000000e+01	2.000000000000e+01	0.000000000000e+00	0.000000000000e+00	0.000000000000e+00
2.575000000000e+01	2.580000000000e+01	2.000000000000e+01	0.000000000000e+00	0.000000000000e+00	0.000000000000e+00
2.580000000000e+01	2.585000000000e+01	2.000000000000e+01	0.000000000000e+00	0.000000000000e+00	0.000000000000e+00
2.585000000000e+01	2.590000000000e+01	2.000000000000e+01	0.000000000000e+00	0.000000000000e+00	0.000000000000e+00
2.590000000000e+01	2.595000000000e+01	2.000000000000e+01	0.000000000000e+00	0.000000000000e+00	0.000000000000e+00
2.595000000000e+01	2.600000000000e+01	2.000000000000e+01	0.000000000000e+00	0.000000000000e+00	0.000000000000e+00
2.600000000000e+01	2.605000000000e+01	2.000000000000e+01	0.000000000000e+00	0.000000000000e+00	0.000000000000e+00
2.605000000000e+01	2.610000000000e+01	2.000000000000e+01	0.000000000000e+00	0.000000000000e+00	0.000000000000e+00
2.610000000000e+01	2.615000000000e+01	2.000000000000e+01	0.000000000000e+00	0.000000000000e+00	0.000000000000e+00
2.615000000000e+01	2.620000000000e+01	2.000000000000e+01	0.000000000000e+00	0.000000000000e+00	0.000000000000e+00
2.620000000000e+01	2.625000000000e+01	2.000000000000e+01	0.000000000000e+00	0.000000000000e+00	0.000000000000e+00
2.625000000000e+01	2.630000000000e+01	2.000000000000e+01	0.000000000000e+00	0.000000000000e+00	0.000000000000e+00
2.630000000000e+01	2.635000000000e+01	2.000000000000e+01	0.000000000000e+00	0.000000000000e+00	0.000000000000e+00
2.635000000000e+01	2.640000000000e+01	2.000000000000e+01	0.000000000000e+00	0.000000000000e+00	0.000000000000e+00
2.640000000000e+01	2.645000000000e+01	2.000000000000e+01	0.000000000000e+00	0.000000000000e+00	0.000000000000e+00
2.645000000000e+01	2.650000000000e+01	2.000000000000e+01	0.000000000000e+00	0.000000000000e+00	0.000000000000e+00
2.650000000000e+01	2.655000000000e+01	2.000000000000e+01	0.000000000000e+00	0.000000000000e+00	0.000000000000e+00
2.655000000000e+01	2.660000000000e+01	2.000000000000e+01	0.000000000000e+00	0.000000000000e+00	0.000000000000e+00
2.660000000000e+01	2.665000000000e+01	2.000000000000e+01	0.000000000000e+00	0.000000000000e+00	0.000000000000e+00
2.665000000000e+01	2.670000000000e+01	2.000000000000e+01	0.000000000000e+00	0.000000000000e+00	0.000000000000e+00
2.670000000000e+01	2.675000000000e+01	2.000000000000e+01	0.000000000000e+00	0.000000000000e+00	0.000000000000e+00
2.675000000000e+01	2.680000000000e+01	2.000000000000e+01	0.000000000000e+00	0.000000000000e+00	0.000000000000e+00
2.680000000000e+01	2.685000000000e+01	2.000000000000e+01	0.000000000000e+00	0.000000000000e+00	0.000000000000e+00
2.685000000000e+01	2.690000000000e+01	2.000000000000e+01	0.000000000000e+00	0.000000000000e+00	0.000000000000e+00
2.690000000000e+01	2.695000000000e+01	2.000000000000e+01	0.000000000000e+00	0.000000000000e+00	0.000000000000e+00
2.695000000000e+01	2.700000000000e+01	2.000000000000e+01	0.000000000000e+00	0.000000000000e+00	0.000000000000e+00
2.700000000000e+01	2.705000000000e+01	2.000000000000e+01	0.000000000000e+00	0.000000000000e+00	0.000000000000e+00
2.705000000000e+01	2.710000000000e+01	2.000000000000e+01	0.000000000000e+00	0.000000000000e+00	0.000000000000e+00
2.710000000000e+01	2.715000000000e+01	2.000000000000e+01	0.000000000000e+00	0.000000000000e+00	0.000000000000e+00
2.715000000000e+01	2.720000000000e+01	2.000000000000e+01	0.000000000000e+00	0.000000000000e+00	0.000000000000e+00
2.720000000000e+01	2.725000000000e+01	2.000000000000e+01	0.000000000000e+00	0.000000000000e+00	0.000000000000e+00
2.725000000000e+01	2.730000000000e+01	2.000000000000e+01	0.000000000000e+00	0.000000000000e+00	0.000000000000e+00
2.730000000000e+01	2.735000000000e+01	2.000000000000e+01	0.000000000000e+00	0.000000000000e+00	0.000000000000e+00
2.735000000000e+01	2.740000000000e+01	2.000000000000e+01	0.000000000000e+00	0.000000000000e+00	0.000000000000e+00
2.740000000000e+01	2.745000000000e+01	2.000000000000e+01	0.000000000000e+00	0.000000000000e+00	0.000000000000e+00
2.745000000000e+01	2.750000000000e+01	2.000000000000e+01	0.000000000000e+00	0.000000000000e+00	0.000000000000e+00
2.750000000000e+01	2.755000000000e+01	2.000000000000e+01	0.000000000000e+00	0.000000000000e+00	0.000000000000e+00
2.755000000000e+01	2.760000000000e+01	2.000000000000e+01	0.000000000000e+00	0.000000000000e+00	0.000000000000e+00
2.760000000000e+01	2.765000000000e+01	2.000000000000e+01	0.000000000000e+00	0.000000000000e+00	0.000000000000e+00
2.765000000000e+01	2.770000000000e+01	2.000000000000e+01	0.000000000000e+00	0.000000000000e+00	0.000000000000e+00
2.770000000000e+01	2.775000000000e+01	2.000000000000e+01	0.000000000000e+00	0.000000000000e+00	0.000000000000e+00
2.775000000000e+01	2.780000000000e+01	2.000000000000e+01	0.000000000000e+00	0.000000000000e+00	0.000000000000e+00
2.780000000000e+01	2.785000000000e+01	2.000000000000e+01	0.000000000000e+00	0.000000000000e+00	0.000000000000e+00
2.785000000000e+01	2.790000000000e+01	2.000000000000e+01	0.000000000000e+00	0.000000000000e+00	0.000000000000e+00
2.790000000000e+01	2.795000000000e+01	2.000000000000e+01	0.000000000000e+00	0.000000000000e+00	0.000000000000e+00
2.795000000000e+01	2.800000000000e+01	2.000000000000e+01	0.000000000000e+00	0.000000000000e+00	0.000000000000e+00
2.800000000000e+01	2.805000000000e+01	2.000000000000e+01	0.000000000000e+00	0.000000000000e+00	0.000000000000e+00
2.805000000000e+01	2.810000000000e+01	2.000000000000e+01	0.000000000000e+00	0.000000000000e+00	0.000000000000e+00
2.810000000000e+01	2.815000000000e+01	2.000000000000e+01	0.000000000000e+00	0.000000000000e+00	0.000000000000e+00
2.815000000000e+01	2.820000000000e+01	2.000000000000e+01	0.000000000000e+00	0.000000000000e+00	0.000000000000e+00
2.820000000000e+01	2.825000000000e+01	2.000000000000e+01	0.000000000000e+00	0.000000000000e+00	0.000000000000e+00
2.825000000000e+01	2.830000000000e+01	2.000000000000e+01	0.000000000000e+00	0.000000000000e+00	0.000000000000e+00
2.830000000000e+01	2.835000000000e+01	2.000000000000e+01	0.000000000000e+00	0.000000000000e+00	0.000000000000e+00
2.835000000000e+01	2.840000000000e+01	2.000000000000e+01	0.000000000000e+00	0.000000000000e+00	0.000000000000e+00
2.840000000000e+01	2.845000000000e+01	2.000000000000e+01	0.000000000000e+00	0.000000000000e+00	0.000000000000e+00
2.845000000000e+01	2.850000000000e+01	2.000000000000e+01	0.000000000000e+00	0.000000000000e+00	0.000000000000e+00
2.850000000000e+01	2.855000000000e+01	2.000000000000e+01	0.000000000000e+00	0.000000000000e+00	0.000000000000e+00
2.855000000000e+01	2.860000000000e+01	2.000000000000e+01	0.000000000000e+00	0.000000000000e+00	0.000000000000e+00
2.860000000000e+01	2.865000000000e+01	2.000000000000e+01	0.000000000000e+00	0.000000000000e+00	0.000000000000e+00
2.865000000000e+01	2.870000000000e+01	2.000000000000e+01	0.000000000000e+00	0.000000000000e+00	0.000000000000e+00
2.870000000000e+01	2.875000000000e+01	2.000000000000e+01	0.000000000000e+00	0.000000000000e+00	0.000000000000e+00
2.875000000000e+01	2.880000000000e+01	2.000000000000e+01	0.000000000000e+00	0.000000000000e+00	0.000000000000e+00
2.880000000000e+01	2.885000000000e+01	2.000000000000e+01	0.000000000000e+00	0.000000000000e+00	0.000000000000e+00
2.885000000000e+01	2.890000000000e+01	2.000000000000e+01	0.000000000000e+00	0.000000000000e+00	0.000000000000e+00
2.890000000000e+01	2.895000000000e+01	2.000000000000e+01	0.000000000000e+00	0.000000000000e+00	0.000000000000e+00
2.895000000000e+01	2.900000000000e+01	2.000000000000e+01	0.000000000000e+00	0.000000000000e+00	0.000000000000e+00
2.900000000000e+01	2.905000000000e+01	2.000000000000e+01	0.000000000000e+00	0.000000000000e+00	0.000000000000e+00
2.905000000000e+01	2.910000000000e+01	2.000000000000e+01	0.000000000000e+00	0.000000000000e+00	0.000000000000e+00
2.910000000000e+01	2.915000000000e+01	2.000000000000e+01	0.000000000000e+00	0.000000000000e+00	0.000000000000e+00
2.915000000000e+01	2.920000000000e+01	2.000000000000e+01	0.000000000000e+00	0.000000000000e+00	0.000000000000e+00
2.920000000000e+01	2.925000000000e+01	2.000000000000e+01	0.000000000000e+00	0.000000000000e+00	0.000000000000e+00
2.925000000000e+01	2.930000000000e+01	2.000000000000e+01	0.000000000000e+00	0.000000000000e+00	0.000000000000e+00
2.930000000000e+01	2.935000000000e+01	2.000000000000e+01	0.000000000000e+00	0.000000000000e+00	0.000000000000e+00
2.935000000000e+01	2.940000000000e+01	2.000000000000e+01	0.000000000000e+00	0.000000000000e+00	0.000000000000e+00
2.940000000000e+01	2.945000000000e+01	2.000000000000e+01	0.000000000000e+00	0.000000000000e+00	0.000000000000e+00
2.945000000000e+01	2.950000000000e+01	2.000000000000e+01	0.000000000000e+00	0.000000000000e+00	0.000000000000e+00
2.950000000000e+01	2.955000000000e+01	2.000000000000e+01	0.000000000000e+00	0.000000000000e+00	0.000000000000e+00
2.955000000000e+01	2.960000000000e+01	2.000000000000e+01	0.000000000000e+00	0.000000000000e+00	0.000000000000e+00
2.960000000000e+01	2.965000000000e+01	2.000000000000e+01	0.000000000000e+00	0.000000000000e+00	0.000000000000e+00
2.965000000000e+01	2.970000000000e+01	2.000000000000e+01	0.000000000000e+00	0.000000000000e+00	0.000000000000e+00
2.970000000000e+01	2.975000000000e+01	2.000000000000e+01	0.000000000000e+00	0.000000000000e+00	0.000000000000e+00
2.975000000000e+01	2.980000000000e+01	2.000000000000e+01	0.000000000000e+00	0.000000000000e+00	0.000000000000e+00
2.980000000000e+01	2.985000000000e+01	2.000000000000e+01	0.000000000000e+00	0.000000000000e+00	0.000000000000e+00
2.985000000000e+01	2.990000000000e+01	2.000000000000e+01	0.000000000000e+00	0.000000000000e+00	0.000000000000e+00
2.990000000000e+01	2.995000000000e+01	2.000000000000e+01	0.000000000000e+00	0.000000000000e+00	0.000000000000e+00
2.995000000000e+01	3.000000000000e+01	2.000000000000e+01	0.000000000000e+00	0.000000000000e+00	0.000000000000e+00
3.000000000000e+01	3.005000000000e+01	2.000000000000e+01	0.000000000000e+00	0.000000000000e+00	0.000000000000e+00
3.005000000000e+01	3.010000000000e+01	2.000000000000e+01	0.000000000000e+00	0.000000000000e+00	0.000000000000e+00
3.010000000000e+01	3.015000000000e+01	2.000000000000e+01	0.000000000000e+00	0.000000000000e+00	0.000000000000e+00
3.015000000000e+01	3.020000000000e+01	2.000000000000e+01	0.000000000000e+00	0.000000000000e+00	0.000000000000e+00
3.020000000000e+01	3.025000000000e+01	2.000000000000e+01	0.000000000000e+00	0.000000000000e+00	0.000000000000e+00
3.025000000000e+01	3.030000000000e+01	2.000000000000e+01	0.000000000000e+00	0.000000000000e+00	0.000000000000e+00
3.030000000000e+01	3.035000000000e+01	2.000000000000e+01	0.000000000000e+00	0.000000000000e+00	0.000000000000e+00
3.035000000000e+01	3.040000000000e+01	2.000000000000e+01	0.000000000000e+00	0.000000000000e+00	0.000000000000e+00
3.040000000000e+01	3.045000000000e+01	2.000000000000e+01	0.000000000000e+00	0.000000000000e+00	0.000000000000e+00
3.045000000000e+01	3.050000000000e+01	2.000000000000e+01	0.000000000000e+00	0.000000000000e+00	0.000000000000e+00
3.050000000000e+01	3.055000000000e+01	2.000000000000e+01	0.000000000000e+00	0.000000000000e+00	0.000000000000e+00
3.055000000000e+01	3.060000000000e+01	2.000000000000e+01	0.000000000000e+00	0.000000000000e+00	0.000000000000e+00
3.060000000000e+01	3.065000000000e+01	2.000000000000e+01	0.000000000000e+00	0.000000000000e+00	0.000000000000e+00
3.065000000000e+01	3.070000000000e+01	2.000000000000e+01	0.000000000000e+00	0.000000000000e+00	0.000000000000e+00
3.070000000000e+01	3.075000000000e+01	2.000000000000e+01	0.000000000000e+00	0.000000000000e+00	0.000000000000e+00
3.075000000000e+01	3.080000000000e+01	2.000000000000e+01	0.000000000000e+00	0.000000000000e+00	0.000000000000e+00
3.080000000000e+01	3.085000000000e+01	2.000000000000e+01	0.000000000000e+00	0.000000000000e+00	0.000000000000e+00
3.085000000000e+01	3.090000000000e+01	2.000000000000e+01	0.000000000000e+00	0.000000000000e+00	0.000000000000e+00
3.090000000000e+01	3.095000000000e+01	2.000000000000e+01	0.000000000000e+00	0.000000000000e+00	0.000000000000e+00
3.095000000000e+01	3.100000000000e+01	2.000000000000e+01	0.000000000000e+00	0.000000000000e+00	0.000000000000e+00
3.100000000000e+01	3.105000000000e+01	2.000000000000e+01	0.000000000000e+00	0.000000000000e+00	0.000000000000e+00
3.105000000000e+01	3.110000000000e+01	2.000000000000e+01	0.000000000000e+00	0.000000000000e+00	0.000000000000e+00
3.110000000000e+01	3.115000000000e+01	2.000000000000e+01	0.000000000000e+00	0.000000000000e+00	0.000000000000e+00
3.115000000000e+01	3.120000000000e+01	2.000000000000e+01	0.000000000000e+00	0.000000000000e+00	0.000000000000e+00
3.120000000000e+01	3.125000000000e+01	2.000000000000e+01	0.000000000000e+00	0.000000000000e+00	0.000000000000e+00
3.125000000000e+01	3.130000000000e+01	2.000000000000e+01	0.000000000000e+00	0.000000000000e+00	0.000000000000e+00
3.130000000000e+01	3.135000000000e+01	2.000000000000e+01	0.000000000000e+00	0.000000000000e+00	0.000000000000e+00
3.135000000000e+01	3.140000000000e+01	2.000000000000e+01	0.000000000000e+00	0.000000000000e+00	0.000000000000e+00
3.140000000000e+01	3.145000000000e+01	2.000000000000e+01	0.000000000000e+00	0.000000000000e+00	0.000000000000e+00
3.145000000000e+01	3.150000000000e+01	2.000000000000e+01	0.000000000000e+00	0.000000000000e+00	0.000000000000e+00
3.150000000000e+01	3.155000000000e+01	2.000000000000e+01	0.000000000000e+00	0.000000000000e+00	0.000000000000e+00
3.155000000000e+01	3.160000000000e+01	2.000000000000e+01	0.000000000000e+00	0.000000000000e+00	0.000000000000e+00
3.160000000000e+01	3.165000000000e+01	2.000000000000e+01	0.000000000000e+00	0.000000000000e+00	0.000000000000e+00
3.165000000000e+01	3.170000000000e+01	2.000000000000e+01	0.000000000000e+00	0.000000000000e+00	0.000000000000e+00
3.170000000000e+01	3.175000000000e+01	2.000000000000e+01	0.000000000000e+00	0.000000000000e+00	0.000000000000e+00
3.175000000000e+01	3.180000000000e+01	2.000000000000e+01	0.000000000000e+00	0.000000000000e+00	0.000000000000e+00
3.180000000000e+01	3.185000000000e+01	2.000000000000e+01	0.000000000000e+00	0.000000000000e+00	0.000000000000e+00
3.185000000000e+01	3.190000000000e+01	2.000000000000e+01	0.000000000000e+00	0.000000000000e+00	0.000000000000e+00
3.190000000000e+01	3.195000000000e+01	2.000000000000e+01	0.000000000000e+00	0.000000000000e+00	0.000000000000e+00
3.195000000000e+01	3.200000000000e+01	2.000000000000e+01	0.000000000000e+00	0.000000000000e+00	0.000000000000e+00
3.200000000000e+01	3.205000000000e+01	2.000000000000e+01	0.000000000000e+00	0.000000000000e+00	0.000000000000e+00
3.205000000000e+01	3.210000000000e+01	2.000000000000e+01	0.000000000000e+00	0.000000000000e+00	0.000000000000e+00
3.210000000000e+01	3.215000000000e+01	2.000000000000e+01	0.000000000000e+00	0.000000000000e+00	0.000000000000e+00
3.215000000000e+01	3.220000000000e+01	2.000000000000e+01	0.000000000000e+00	0.000000000000e+00	0.000000000000e+00
3.220000000000e+01	3.225000000000e+01	2.000000000000e+01	0.000000000000e+00	0.000000000000e+00	0.000000000000e+00
3.225000000000e+01	3.230000000000e+01	2.000000000000e+01	0.000000000000e+00	0.000000000000e+00	0.000000000000e+00
3.230000000000e+01	3.235000000000e+01	2.000000000000e+01	0.000000000000e+00	0.000000000000e+00	0.000000000000e+00
3.235000000000e+01	3.240000000000e+01	2.000000000000e+01	0.000000000000e+00	0.000000000000e+00	0.000000000000e+00
3.240000000000e+01	3.245000000000e+01	2.000000000000e+01	0.000000000000e+00	0.000000000000e+00	0.000000000000e+00
3.245000000000e+01	3.250000000000e+01	2.000000000000e+01	0.000000000000e+00	0.000000000000e+00	0.000000000000e+00
3.250000000000e+01	3.255000000000e+01	2.000000000000e+01	0.000000000000e+00	0.000000000000e+00	0.000000000000e+00
3.255000000000e+01	3.260000000000e+01	2.000000000000e+01	0.000000000000e+00	0.000000000000e+00	0.000000000000e+00
3.260000000000e+01	3.265000000000e+01	2.000000000000e+01	0.000000000000e+00	0.000000000000e+00	0.000000000000e+00
3.265000000000e+01	3.270000000000e+01	2.000000000000e+01	0.000000000000e+00	0.000000000000e+00	0.000000000000e+00
3.270000000000e+01	3.275000000000e+01	2.000000000000e+01	0.000000000000e+00	0.000000000000e+00	0.000000000000e+00
3.275000000000e+01	3.280000000000e+01	2.000000000000e+01	0.000000000000e+00	0.000000000000e+00	0.000000000000e+00
3.280000000000e+01	3.285000000000e+01	2.000000000000e+01	0.000000000000e+00	0.000000000000e+00	0.000000000000e+00
3.285000000000e+01	3.290000000000e+01	2.000000000000e+01	0.000000000000e+00	0.000000000000e+00	0.000000000000e+00
3.290000000000e+01	3.295000000000e+01	2.000000000000e+01	0.000000000000e+00	0.000000000000e+00	0.000000000000e+00
3.295000000000e+01	3.300000000000e+01	2.000000000000e+01	0.000000000000e+00	0.000000000000e+00	0.000000000000e+00
3.300000000000e+01	3.305000000000e+01	2.000000000000e+01	0.000000000000e+00	0.000000000000e+00	0.000000000000e+00
3.305000000000e+01	3.310000000000e+01	2.000000000000e+01	0.000000000000e+00	0.000000000000e+00	0.000000000000e+00
3.310000000000e+01	3.315000000000e+01	2.000000000000e+01	0.000000000000e+00	0.000000000000e+00	0.000000000000e+00
3.315000000000e+01	3.320000000000e+01	2.000000000000e+01	0.000000000000e+00	0.000000000000e+00	0.000000000000e+00
3.320000000000e+01	3.325000000000e+01	2.000000000000e+01	0.000000000000e+00	0.000000000000e+00	0.000000000000e+00
3.325000000000e+01	3.330000000000e+01	2.000000000000e+01	0.000000000000e+00	0.000000000000e+00	0.000000000000e+00
3.330000000000e+01	3.335000000000e+01	2.000000000000e+01	0.000000000000e+00	0.000000000000e+00	0.000000000000e+00
3.335000000000e+01	3.340000000000e+01	2.000000000000e+01	0.000000000000e+00	0.000000000000e+00	0.000000000000e+00
3.340000000000e+01	3.345000000000e+01	2.000000000000e+01	0.000000000000e+00	0.000000000000e+00	0.000000000000e+00
3.345000000000e+01	3.350000000000e+01	2.000000000000e+01	0.000000000000e+00	0.000000000000e+00	0.000000000000e+00
3.350000000000e+01	3.355000000000e+01	2.000000000000e+01	0.000000000000e+00	0.000000000000e+00	0.000000000000e+00
3.355000000000e+01	3.360000000000e+01	2.000000000000e+01	0.000000000000e+00	0.000000000000e+00	0.000000000000e+00
3.360000000000e+01	3.365000000000e+01	2.000000000000e+01	0.000000000000e+00	0.000000000000e+00	0.000000000000e+00
3.365000000000e+01	3.370000000000e+01	2.000000000000e+01	0.000000000000e+00	0.000000000000e+00	0.000000000000e+00
3.370000000000e+01	3.375000000000e+01	2.000000000000e+01	0.000000000000e+00	0.000000000000e+00	0.000000000000e+00
3.375000000000e+01	3.380000000000e+01	2.000000000000e+01	0.000000000000e+00	0.000000000000e+00	0.000000000000e+00
3.380000000000e+01	3.385000000000e+01	2.000000000000e+01	0.000000000000e+00	0.000000000000e+00	0.000000000000e+00
3.385000000000e+01	3.390000000000e+01	2.000000000000e+01	0.000000000000e+00	0.000000000000e+00	0.000000000000e+00
3.390000000000e+01	3.395000000000e+01	2.000000000000e+01	0.000000000000e+00	0.000000000000e+00	0.000000000000e+00
3.395000000000e+01	3.400000000000e+01	2.000000000000e+01	0.000000000000e+00	0.000000000000e+00	0.000000000000e+00
3.400000000000e+01	3.405000000000e+01	2.000000000000e+01	0.000000000000e+00	0.000000000000e+00	0.000000000000e+00
3.405000000000e+01	3.410000000000e+01	2.000000000000e+01	0.000000000000e+00	0.000000000000e+00	0.000000000000e+00
3.410000000000e+01	3.415000000000e+01	2.000000000000e+01	0.000000000000e+00	0.000000000000e+00	0.000000000000e+00
3.415000000000e+01	3.420000000000e+01	2.000000000000e+01	0.000000000000e+00	0.000000000000e+00	0.000000000000e+00
3.420000000000e+01	3.425000000000e+01	2.000000000000e+01	0.000000000000e+00	0.000000000000e+00	0.000000000000e+00
3.425000000000e+01	3.430000000000e+01	2.000000000000e+01	0.000000000000e+00	0.000000000000e+00	0.000000000000e+00
3.430000000000e+01	3.435000000000e+01	2.000000000000e+01	0.000000000000e+00	0.000000000000e+00	0.000000000000e+00
3.435000000000e+01	3.440000000000e+01	2.000000000000e+01	0.000000000000e+00	0.000000000000e+00	0.000000000000e+00
3.440000000000e+01	3.445000000000e+01	2.000000000000e+01	0.000000000000e+00	0.000000000000e+00	0.000000000000e+00
3.445000000000e+01	3.450000000000e+01	2.000000000000e+01	0.000000000000e+00	0.000000000000e+00	0.000000000000e+00
3.450000000000e+01	3.455000000000e+01	2.000000000000e+01	0.000000000000e+00	0.000000000000e+00	0.000000000000e+00
3.455000000000e+01	3.460000000000e+01	2.000000000000e+01	0.000000000000e+00	0.000000000000e+00	0.000000000000e+00
3.460000000000e+01	3.465000000000e+01	2.000000000000e+01	0.000000000000e+00	0.000000000000e+00	0.000000000000e+00
3.465000000000e+01	3.470000000000e+01	2.000000000000e+01	0.000000000000e+00	0.000000000000e+00	0.000000000000e+00
3.470000000000e+01	3.475000000000e+01	2.000000000000e+01	0.000000000000e+00	0.000000000000e+00	0.000000000000e+00
3.475000000000e+01	3.480000000000e+01	2.000000000000e+01	0.000000000000e+00	0.000000000000e+00	0.000000000000e+00
3.480000000000e+01	3.485000000000e+01	2.000000000000e+01	0.000000000000e+00	0.000000000000e+00	0.000000000000e+00
3.485000000000e+01	3.490000000000e+01	2.000000000000e+01	0.000000000000e+00	0.000000000000e+00	0.000000000000e+00
3.490000000000e+01	3.495000000000e+01	2.000000000000e+01	0.000000000000e+00	0.000000000000e+00	0.000000000000e+00
3.495000000000e+01	3.500000000000e+01	2.000000000000e+01	0.000000000000e+00	0.000000000000e+00	0.000000000000e+00
3.500000000000e+01	3.505000000000e+01	2.000000000000e+01	0.000000000000e+00	0.000000000000e+00	0.000000000000e+00
3.505000000000e+01	3.510000000000e+01	2.000000000000e+01	0.000000000000e+00	0.000000000000e+00	0.000000000000e+00
3.510000000000e+01	3.515000000000e+01	2.000000000000e+01	0.000000000000e+00	0.000000000000e+00	0.000000000000e+00
3.515000000000e+01	3.520000000000e+01	2.000000000000e+01	0.000000000000e+00	0.000000000000e+00	0.000000000000e+00
3.520000000000e+01	3.525000000000e+01	2.000000000000e+01	0.000000000000e+00	0.000000000000e+00	0.000000000000e+00
3.525000000000e+01	3.530000000000e+01	2.000000000000e+01	0.000000000000e+00	0.000000000000e+00	0.000000000000e+00
3.530000000000e+01	3.535000000000e+01	2.000000000000e+01	0.000000000000e+00	0.000000000000e+00	0.000000000000e+00
3.535000000000e+01	3.540000000000e+01	2.000000000000e+01	0.000000000000e+00	0.000000000000e+00	0.000000000000e+00
3.540000000000e+01	3.545000000000e+01	2.000000000000e+01	0.000000000000e+00	0.000000000000e+00	0.000000000000e+00
3.545000000000e+01	3.550000000000e+01	2.000000000000e+01	0.000000000000e+00	0.000000000000e+00	0.000000000000e+00
3.550000000000e+01	3.555000000000e+01	2.000000000000e+01	0.000000000000e+00	0.000000000000e+00	0.000000000000e+00
3.555000000000e+01	3.560000000000e+01	2.000000000000e+01	0.000000000000e+00	0.000000000000e+00	0.000000000000e+00
3.560000000000e+01	3.565000000000e+01	2.000000000000e+01	0.000000000000e+00	0.000000000000e+00	0.000000000000e+00
3.565000000000e+01	3.570000000000e+01	2.000000000000e+01	0.000000000000e+00	0.000000000000e+00	0.000000000000e+00
3.570000000000e+01	3.575000000000e+01	2.000000000000e+01	0.000000000000e+00	0.000000000000e+00	0.000000000000e+00
3.575000000000e+01	3.580000000000e+01	2.000000000000e+01	0.000000000000e+00	0.000000000000e+00	0.000000000000e+00
3.580000000000e+01	3.585000000000e+01	2.000000000000e+01	0.000000000000e+00	0.000000000000e+00	0.000000000000e+00
3.585000000000e+01	3.590000000000e+01	2.000000000000e+01	0.000000000000e+00	0.000000000000e+00	0.000000000000e+00
3.590000000000e+01	3.595000000000e+01	2.000000000000e+01	0.000000000000e+00	0.000000000000e+00	0.000000000000e+00
3.595000000000e+01	3.600000000000e+01	2.000000000000e+01	0.000000000000e+00	0.000000000000e+00	0.000000000000e+00
3.600000000000e+01	3.605000000000e+01	2.000000000000e+01	0.000000000000e+00	0.000000000000e+00	0.000000000000e+00
3.605000000000e+01	3.610000000000e+01	2.000000000000e+01	0.000000000000e+00	0.000000000000e+00	0.000000000000e+00
3.610000000000e+01	3.615000000000e+01	2.000000000000e+01	0.000000000000e+00	0.000000000000e+00	0.000000000000e+00
3.615000000000e+01	3.620000000000e+01	2.000000000000e+01	0.000000000000e+00	0.000000000000e+00	0.000000000000e+00
3.620000000000e+01	3.625000000000e+01	2.000000000000e+01	0.000000000000e+00	0.000000000000e+00	0.000000000000e+00
3.625000000000e+01	3.630000000000e+01	2.000000000000e+01	0.000000000000e+00	0.000000000000e+00	0.000000000000e+00
3.630000000000e+01	3.635000000000e+01	2.000000000000e+01	0.000000000000e+00	0.000000000000e+00	0.000000000000e+00
3.635000000000e+01	3.640000000000e+01	2.000000000000e+01	0.000000000000e+00	0.000000000000e+00	0.000000000000e+00
3.640000000000e+01	3.645000000000e+01	2.000000000000e+01	0.000000000000e+00	0.000000000000e+00	0.000000000000e+00
3.645000000000e+01	3.650000000000e+01	2.000000000000e+01	0.000000000000e+00	0.000000000000e+00	0.000000000000e+00
3.650000000000e+01	3.655000000000e+01	2.000000000000e+01	0.000000000000e+00	0.000000000000e+00	0.000000000000e+00
3.655000000000e+01	3.660000000000e+01	2.000000000000e+01	0.000000000000e+00	0.000000000000e+00	0.000000000000e+00
3.660000000000e+01	3.665000000000e+01	2.000000000000e+01	0.000000000000e+00	0.000000000000e+00	0.000000000000e+00
3.665000000000e+01	3.670000000000e+01	2.000000000000e+01	0.000000000000e+00	0.000000000000e+00	0.000000000000e+00
3.670000000000e+01	3.675000000000e+01	2.000000000000e+01	0.000000000000e+00	0.000000000000e+00	0.000000000000e+00
3.675000000000e+01	3.680000000000e+01	2.000000000000e+01	0.000000000000e+00	0.000000000000e+00	0.000000000000e+00
3.680000000000e+01	3.685000000000e+01	2.000000000000e+01	0.000000000000e+00	0.000000000000e+00	0.000000000000e+00
3.685000000000e+01	3.690000000000e+01	2.000000000000e+01	0.000000000000e+00	0.000000000000e+00	0.000000000000e+00
3.690000000000e+01	3.695000000000e+01	2.000000000000e+01	0.000000000000e+00	0.000000000000e+00	0.000000000000e+00
3.695000000000e+01	3.700000000000e+01	2.000000000000e+01	0.000000000000e+00	0.000000000000e+00	0.000000000000e+00
3.700000000000e+01	3.705000000000e+01	2.000000000000e+01	0.000000000000e+00	0.000000000000e+00	0.000000000000e+00
3.705000000000e+01	3.710000000000e+01	2.000000000000e+01	0.000000000000e+00	0.000000000000e+00	0.000000000000e+00
3.710000000000e+01	3.715000000000e+01	2.000000000000e+01	0.000000000000e+00	0.000000000000e+00	0.000000000000e+00
3.715000000000e+01	3.720000000000e+01	2.000000000000e+01	0.000000000000e+00	0.000000000000e+00	0.000000000000e+00
3.720000000000e+01	3.725000000000e+01	2.000000000000e+01	0.000000000000e+00	0.000000000000e+00	0.000000000000e+00
3.725000000000e+01	3.730000000000e+01	2.000000000000e+01	0.000000000000e+00	0.000000000000e+00	0.000000000000e+00
3.730000000000e+01	3.735000000000e+01	2.000000000000e+01	0.000000000000e+00	0.000000000000e+00	0.000000000000e+00
3.735000000000e+01	3.740000000000e+01	2.000000000000e+01	0.000000000000e+00	0.000000000000e+00	0.000000000000e+00
3.740000000000e+01	3.745000000000e+01	2.000000000000e+01	0.000000000000e+00	0.000000000000e+00	0.000000000000e+00
3.745000000000e+01	3.750000000000e+01	2.000000000000e+01	0.000000000000e+00	0.000000000000e+00	0.000000000000e+00
3.750000000000e+01	3.755000000000e+01	2.000000000000e+01	0.000000000000e+00	0.000000000000e+00	0.000000000000e+00
3.755000000000e+01	3.760000000000e+01	2.000000000000e+01	0.000000000000e+00	0.000000000000e+00	0.000000000000e+00
3.760000000000e+01	3.765000000000e+01	2.000000000000e+01	0.000000000000e+00	0.000000000000e+00	0.000000000000e+00
3.765000000000e+01	3.770000000000e+01	2.000000000000e+01	0.000000000000e+00	0.000000000000e+00	0.000000000000e+00
3.770000000000e+01	3.775000000000e+01	2.000000000000e+01	0.000000000000e+00	0.000000000000e+00	0.000000000000e+00
3.775000000000e+01	3.780000000000e+01	2.000000000000e+01	0.000000000000e+00	0.000000000000e+00	0.000000000000e+00
3.780000000000e+01	3.785000000000e+01	2.000000000000e+01	0.000000000000e+00	0.000000000000e+00	0.000000000000e+00
3.785000000000e+01	3.790000000000e+01	2.000000000000e+01	0.000000000000e+00	0.000000000000e+00	0.000000000000e+00
3.790000000000e+01	3.795000000000e+01	2.000000000000e+01	0.000000000000e+00	0.000000000000e+00	0.000000000000e+00
3.795000000000e+01	3.800000000000e+01	2.000000000000e+01	0.000000000000e+00	0.000000000000e+00	0.000000000000e+00
3.800000000000e+01	3.805000000000e+01	2.000000000000e+01	0.000000000000e+00	0.000000000000e+00	0.000000000000e+00
3.805000000000e+01	3.810000000000e+01	2.000000000000e+01	0.000000000000e+00	0.000000000000e+00	0.000000000000e+00
3.810000000000e+01	3.815000000000e+01	2.000000000000e+01	0.000000000000e+00	0.000000000000e+00	0.000000000000e+00
3.815000000000e+01	3.820000000000e+01	2.000000000000e+01	0.000000000000e+00	0.000000000000e+00	0.000000000000e+00
3.820000000000e+01	3.825000000000e+01	2.000000000000e+01	0.000000000000e+00	0.000000000000e+00	0.000000000000e+00
3.825000000000e+01	3.830000000000e+01	2.000000000000e+01	0.000000000000e+00	0.000000000000e+00	0.000000000000e+00
3.830000000000e+01	3.835000000000e+01	2.000000000000e+01	0.000000000000e+00	0.000000000000e+00	0.000000000000e+00
3.835000000000e+01	3.840000000000e+01	2.000000000000e+01	0.000000000000e+00	0.000000000000e+00	0.000000000000e+00
3.840000000000e+01	3.845000000000e+01	2.000000000000e+01	0.000000000000e+00	0.000000000000e+00	0.000000000000e+00
3.845000000000e+01	3.850000000000e+01	2.000000000000e+01	0.000000000000e+00	0.000000000000e+00	0.000000000000e+00
3.850000000000e+01	3.855000000000e+01	2.000000000000e+01	0.000000000000e+00	0.000000000000e+00	0.000000000000e+00
3.855000000000e+01	3.860000000000e+01	2.000000000000e+01	0.000000000000e+00	0.000000000000e+00	0.000000000000e+00
3.860000000000e+01	3.865000000000e+01	2.000000000000e+01	0.000000000000e+00	0.000000000000e+00	0.000000000000e+00
3.865000000000e+01	3.870000000000e+01	2.000000000000e+01	0.000000000000e+00	0.000000000000e+00	0.000000000000e+00
3.870000000000e+01	3.875000000000e+01	2.000000000000e+01	0.000000000000e+00	0.000000000000e+00	0.000000000000e+00
3.875000000000e+01	3.880000000000e+01	2.000000000000e+01	0.000000000000e+00	0.000000000000e+00	0.000000000000e+00
3.880000000000e+01	3.885000000000e+01	2.000000000000e+01	0.000000000000e+00	0.000000000000e+00	0.000000000000e+00
3.885000000000e+01	3.890000000000e+01	2.000000000000e+01	0.000000000000e+00	0.000000000000e+00	0.000000000000e+00
3.890000000000e+01	3.895000000000e+01	2.000000000000e+01	0.000000000000e+00	0.000000000000e+00	0.000000000000e+00
3.895000000000e+01	3.900000000000e+01	2.000000000000e+01	0.000000000000e+00	0.000000000000e+00	0.000000000000e+00
3.900000000000e+01	3.905000000000e+01	2.000000000000e+01	0.000000000000e+00	0.000000000000e+00	0.000000000000e+00
3.905000000000e+01	3.910000000000e+01	2.000000000000e+01	0.000000000000e+00	0.000000000000e+00	0.000000000000e+00
3.910000000000e+01	3.915000000000e+01	2.000000000000e+01	0.000000000000e+00	0.000000000000e+00	0.000000000000e+00
3.915000000000e+01	3.920000000000e+01	2.000000000000e+01	0.000000000000e+00	0.000000000000e+00	0.000000000000e+00
3.920000000000e+01	3.925000000000e+01	2.000000000000e+01	0.000000000000e+00	0.000000000000e+00	0.000000000000e+00
3.925000000000e+01	3.930000000000e+01	2.000000000000e+01	0.000000000000e+00	0.000000000000e+00	0.000000000000e+00
3.930000000000e+01	3.935000000000e+01	2.000000000000e+01	0.000000000000e+00	0.000000000000e+00	0.000000000000e+00
3.935000000000e+01	3.940000000000e+01	2.000000000000e+01	0.000000000000e+00	0.000000000000e+00	0.000000000000e+00
3.940000000000e+01	3.945000000000e+01	2.000000000000e+01	0.000000000000e+00	0.000000000000e+00	0.000000000000e+00
3.945000000000e+01	3.950000000000e+01	2.000000000000e+01	0.000000000000e+00	0.000000000000e+00	0.000000000000e+00
3.950000000000e+01	3.955000000000e+01	2.000000000000e+01	0.000000000000e+00	0.000000000000e+00	0.000000000000e+00
3.955000000000e+01	3.960000000000e+01	2.000000000000e+01	0.000000000000e+00	0.000000000000e+00	0.000000000000e+00
3.960000000000e+01	3.965000000000e+01	2.000000000000e+01	0.000000000000e+00	0.000000000000e+00	0.000000000000e+00
3.965000000000e+01	3.970000000000e+01	2.000000000000e+01	0.000000000000e+00	0.000000000000e+00	0.000000000000e+00
3.970000000000e+01	3.975000000000e+01	2.000000000000e+01	0.000000000000e+00	0.000000000000e+00	0.000000000000e+00
3.975000000000e+01	3.980000000000e+01	2.000000000000e+01	0.000000000000e+00	0.000000000000e+00	0.000000000000e+00
3.980000000000e+01	3.985000000000e+01	2.000000000000e+01	0.000000000000e+00	0.000000000000e+00	0.000000000000e+00
3.985000000000e+01	3.990000000000e+01	2.000000000000e+01	0.000000000000e+00	0.000000000000e+00	0.000000000000e+00
3.990000000000e+01	3.995000000000e+01	2.000000000000e+01	0.000000000000e+00	0.000000000000e+00	0.000000000000e+00
3.995000000000e+01	4.000000000000e+01	2.000000000000e+01	0.000000000000e+00	0.000000000000e+00	0.000000000000e+00
